0 819
0 1728
0 1256
0 1333
0 2298
0 118
0 1233
0 311
0 345
0 1841
0 207
0 2291
0 296
0 134
0 630
0 57
0 1806
0 163
0 2576
0 678
0 668
0 1129
0 1947
1 2680
1 2181
1 2248
1 2085
1 394
1 209
1 1876
1 2098
1 1892
1 1301
1 2420
1 983
1 280
1 1571
1 2134
1 235
1 2359
1 2189
1 1847
1 1943
1 1919
1 972
1 335
2 1065
2 855
2 1471
2 1813
2 824
2 1504
2 1486
2 216
2 2035
2 2179
2 1201
2 408
2 1721
2 1995
2 1160
2 991
2 1095
2 1846
2 2573
2 1937
2 2083
2 828
2 605
3 210
3 302
3 1134
3 2205
3 1247
3 2335
3 693
3 2050
3 940
3 2708
3 1165
3 2019
3 2496
3 344
3 1267
3 1192
3 526
3 1826
3 2234
3 1541
3 2709
3 1769
3 2377
4 2255
4 192
4 2126
4 2584
4 1019
4 885
4 482
4 120
4 814
4 652
4 1617
4 68
4 2237
4 220
4 1824
4 406
4 684
4 1272
4 1470
4 2718
4 181
4 2412
4 2315
5 115
5 2748
5 520
5 1928
5 2133
5 1620
5 477
5 2574
5 1084
5 968
5 1071
5 1360
5 2475
5 1703
5 1814
5 1698
5 1450
5 2727
5 1368
5 1130
5 2262
5 623
5 2664
6 665
6 701
6 2051
6 2167
6 2455
6 281
6 327
6 2264
6 2349
6 1625
6 2078
6 228
6 718
6 2750
6 451
6 1303
6 2333
6 2017
6 788
6 2620
6 1851
6 870
6 2145
7 1529
7 1278
7 1984
7 974
7 928
7 842
7 89
7 643
7 5
7 457
7 632
7 1613
7 2279
7 1929
7 1296
7 2562
7 1033
7 1859
7 2506
7 478
7 289
7 27
7 252
8 929
8 1890
8 1917
8 1119
8 2408
8 2419
8 2587
8 388
8 817
8 884
8 518
8 563
8 2523
8 2345
8 1759
8 1716
8 1171
8 24
8 731
8 1692
8 1009
8 2751
8 362
9 2161
9 111
9 1935
9 1106
9 739
9 2442
9 1797
9 1051
9 720
9 1832
9 861
9 2571
9 502
9 72
9 81
9 1002
9 347
9 2130
9 982
9 1394
9 60
9 2066
9 1554
10 1098
10 1451
10 1945
10 768
10 2706
10 2303
10 680
10 1042
10 266
10 1961
10 2483
10 936
10 1227
10 2415
10 629
10 2342
10 198
10 2715
10 2476
10 540
10 1187
10 2029
10 2150
11 2302
11 2423
11 1113
11 548
11 2280
11 400
11 2182
11 741
11 1663
11 284
11 495
11 292
11 2319
11 700
11 902
11 2369
11 1103
11 2711
11 1857
11 571
11 2439
11 467
11 1760
12 2136
12 493
12 585
12 14
12 2093
12 1285
12 104
12 2183
12 1466
12 925
12 70
12 1600
12 2071
12 625
12 796
12 1381
12 1146
12 823
12 371
12 773
12 2586
12 422
12 1749
13 707
13 670
13 2474
13 1976
13 926
13 1491
13 2152
13 2686
13 1972
13 1251
13 2283
13 272
13 947
13 1295
13 1465
13 40
13 1055
13 1604
13 2339
13 697
13 1910
13 2366
13 1783
14 1398
14 346
14 1291
14 1313
14 930
14 2124
14 2568
14 2141
14 2075
14 1433
14 1294
14 830
14 219
14 2669
14 2567
14 2533
14 1358
14 2639
14 1145
14 867
14 2293
14 2195
14 708
15 1434
15 845
15 2194
15 1198
15 245
15 2730
15 879
15 511
15 795
15 1596
15 1400
15 887
15 2042
15 876
15 2310
15 454
15 1488
15 2256
15 244
15 46
15 2014
15 666
15 62
16 2501
16 2054
16 1767
16 1977
16 774
16 1787
16 169
16 1754
16 2270
16 1362
16 1664
16 798
16 1590
16 381
16 2292
16 2743
16 916
16 1000
16 568
16 966
16 1205
16 65
16 1203
17 2435
17 2739
17 2614
17 1027
17 2524
17 1393
17 2102
17 1034
17 2068
17 1946
17 2306
17 854
17 628
17 1999
17 49
17 1789
17 267
17 1801
17 1895
17 423
17 1066
17 58
17 549
18 2618
18 2597
18 2482
18 1661
18 1805
18 716
18 1402
18 528
18 1415
18 691
18 935
18 1795
18 1678
18 1891
18 1955
18 1740
18 2375
18 232
18 263
18 1076
18 2558
18 2488
18 2355
19 2495
19 1432
19 2407
19 1036
19 2103
19 2575
19 1549
19 2696
19 1021
19 561
19 2703
19 197
19 380
19 539
19 340
19 676
19 2113
19 1567
19 2428
19 694
19 688
19 804
19 619
20 802
20 53
20 1932
20 793
20 724
20 2346
20 1715
20 2114
20 243
20 2592
20 1553
20 132
20 341
20 199
20 226
20 1985
20 2685
20 1001
20 1736
20 825
20 2088
20 2556
20 2582
21 2326
21 2418
21 1407
21 752
21 370
21 2414
21 941
21 950
21 2445
21 735
21 418
21 1701
21 1142
21 1908
21 1599
21 590
21 1459
21 1897
21 1926
21 2485
21 1745
21 1321
21 1516
22 1875
22 1189
22 248
22 951
22 2479
22 1348
22 1382
22 1241
22 334
22 1416
22 330
22 2008
22 1133
22 1605
22 1991
22 434
22 2427
22 740
22 1586
22 2510
22 1181
22 375
22 1643
23 753
23 1579
23 52
23 51
23 1518
23 343
23 1542
23 2381
23 2312
23 1489
23 276
23 109
23 1820
23 1320
23 23
23 1624
23 536
23 2413
23 1829
23 831
23 3
23 113
23 1255
24 1338
24 1270
24 1710
24 2724
24 1626
24 1871
24 1306
24 1691
24 1085
24 1765
24 1770
24 2065
24 847
24 1499
24 2672
24 910
24 2440
24 290
24 865
24 1650
24 1476
24 1483
24 2305
25 1327
25 2601
25 2437
25 2025
25 1684
25 240
25 59
25 1403
25 321
25 1963
25 1785
25 2691
25 1998
25 273
25 76
25 1973
25 1064
25 729
25 767
25 2341
25 357
25 2649
25 336
26 1041
26 1812
26 254
26 71
26 995
26 1174
26 1063
26 1587
26 2585
26 146
26 2067
26 410
26 2606
26 1177
26 4
26 18
26 1108
26 1408
26 33
26 1508
26 450
26 1445
26 2699
27 1401
27 1215
27 839
27 1050
27 722
27 2701
27 212
27 171
27 401
27 927
27 310
27 695
27 1837
27 2732
27 1286
27 1048
27 1365
27 1188
27 1609
27 1297
27 2464
27 1930
27 1705
28 566
28 2690
28 438
28 1438
28 1576
28 641
28 1479
28 84
28 2249
28 1741
28 2668
28 1844
28 1519
28 2250
28 1996
28 997
28 1800
28 472
28 2658
28 2364
28 2444
28 1418
28 200
29 1563
29 187
29 1734
29 895
29 2561
29 1611
29 1264
29 234
29 2465
29 1637
29 1842
29 2147
29 1830
29 2044
29 1356
29 1623
29 439
29 1828
29 2469
29 1380
29 325
29 2578
29 314
30 1583
30 1502
30 808
30 1756
30 880
30 2532
30 372
30 2636
30 2402
30 1197
30 1472
30 1666
30 954
30 1712
30 958
30 2309
30 2175
30 2514
30 1008
30 710
30 1024
30 36
30 1944
31 857
31 714
31 1815
31 1190
31 2159
31 1881
31 959
31 1885
31 1150
31 2048
31 1480
31 1964
31 21
31 913
31 2396
31 1293
31 305
31 1539
31 443
31 2679
31 1010
31 2555
31 9
32 143
32 1436
32 2112
32 1109
32 1982
32 2158
32 2323
32 2026
32 921
32 1927
32 378
32 2000
32 2337
32 2030
32 1216
32 1582
32 2185
32 22
32 1899
32 858
32 569
32 484
32 2560
33 2631
33 522
33 1870
33 1206
33 487
33 2252
33 1798
33 2511
33 1763
33 1043
33 515
33 257
33 409
33 1585
33 2398
33 1324
33 523
33 2322
33 2091
33 2595
33 904
33 634
33 1810
34 2610
34 338
34 1852
34 304
34 2657
34 1717
34 1537
34 99
34 259
34 2276
34 1240
34 1378
34 874
34 1464
34 2059
34 2263
34 1352
34 2128
34 1506
34 1990
34 1288
34 1592
34 2512
35 1861
35 2430
35 56
35 1184
35 349
35 224
35 2563
35 1948
35 63
35 2266
35 1750
35 1849
35 174
35 2566
35 1157
35 75
35 480
35 2347
35 591
35 2537
35 2438
35 2334
35 2162
36 456
36 7
36 2077
36 1049
36 2120
36 2153
36 1748
36 906
36 95
36 497
36 1253
36 2667
36 2358
36 1115
36 1714
36 1938
36 1683
36 2681
36 2700
36 475
36 1615
36 2157
36 1128
37 1061
37 2593
37 1681
37 1894
37 1668
37 269
37 1172
37 86
37 705
37 905
37 455
37 1220
37 1657
37 726
37 552
37 582
37 1988
37 2027
37 1907
37 758
37 1494
37 2354
37 898
38 844
38 567
38 1639
38 2196
38 2615
38 2284
38 663
38 2216
38 1577
38 1616
38 452
38 1016
38 1355
38 1304
38 512
38 2641
38 2611
38 1455
38 2633
38 881
38 2486
38 1173
38 262
39 1325
39 939
39 1641
39 1429
39 2394
39 61
39 153
39 286
39 1803
39 992
39 2534
39 1163
39 988
39 2447
39 1594
39 2704
39 1690
39 743
39 1997
39 1487
39 170
39 2393
39 2416
40 1788
40 1376
40 1154
40 318
40 683
40 2452
40 529
40 1330
40 1212
40 2201
40 2589
40 157
40 2372
40 2489
40 965
40 1934
40 222
40 1482
40 2687
40 543
40 1796
40 2443
40 2222
41 1439
41 2622
41 1175
41 1589
41 2353
41 2662
41 2239
41 2268
41 2466
41 751
41 320
41 848
41 1428
41 1956
41 894
41 1219
41 856
41 2688
41 208
41 2665
41 1026
41 2231
41 1314
42 635
42 551
42 156
42 2484
42 781
42 1180
42 730
42 1420
42 1733
42 1236
42 1149
42 1375
42 206
42 1117
42 1059
42 2131
42 1677
42 931
42 2653
42 2458
42 1808
42 303
42 1642
43 1856
43 201
43 2321
43 1862
43 853
43 813
43 1706
43 128
43 2426
43 1531
43 496
43 139
43 2240
43 2468
43 194
43 2383
43 2459
43 2446
43 2198
43 2666
43 1202
43 34
43 1904
44 617
44 1501
44 1477
44 2094
44 1551
44 2274
44 2197
44 757
44 711
44 956
44 1316
44 1058
44 1126
44 2716
44 1147
44 358
44 1485
44 2722
44 2186
44 1159
44 1906
44 2180
44 2530
45 1137
45 1952
45 2697
45 2608
45 2684
45 1194
45 69
45 2646
45 1723
45 1983
45 361
45 835
45 241
45 2007
45 185
45 1437
45 1447
45 2329
45 195
45 287
45 2397
45 332
45 1473
46 2220
46 97
46 2242
46 1204
46 2676
46 1259
46 2518
46 122
46 2086
46 270
46 1318
46 542
46 1747
46 1602
46 2564
46 1409
46 2607
46 645
46 123
46 2002
46 1658
46 2421
46 595
47 1052
47 250
47 30
47 1931
47 2301
47 2401
47 1185
47 964
47 2253
47 1347
47 1753
47 1781
47 10
47 108
47 1454
47 1593
47 227
47 2497
47 2199
47 1423
47 799
47 537
47 1791
48 102
48 593
48 2490
48 1329
48 2395
48 121
48 2155
48 2694
48 2089
48 2173
48 1120
48 2288
48 516
48 1373
48 1014
48 2232
48 1514
48 1807
48 1960
48 239
48 2433
48 2603
48 173
49 114
49 2702
49 986
49 374
49 31
49 1273
49 544
49 1232
49 2160
49 1981
49 155
49 1176
49 1573
49 896
49 1905
49 1344
49 2211
49 2728
49 2410
49 2378
49 260
49 2579
49 2331
50 994
50 466
50 2746
50 1245
50 900
50 1889
50 473
50 2176
50 1558
50 1020
50 953
50 453
50 298
50 1004
50 431
50 812
50 1353
50 2238
50 1337
50 2016
50 2392
50 1345
50 955
51 1141
51 973
51 2384
51 2
51 1836
51 1687
51 2214
51 144
51 1638
51 602
51 1317
51 594
51 1182
51 2294
51 2612
51 2107
51 530
51 580
51 2344
51 1395
51 186
51 2457
51 655
52 1920
52 1282
52 1555
52 2110
52 2689
52 2043
52 1328
52 2376
52 1028
52 1458
52 2118
52 1915
52 1708
52 2462
52 2202
52 1530
52 2409
52 461
52 1087
52 1989
52 800
52 2034
52 1540
53 2227
53 2526
53 1289
53 1670
53 2656
53 2272
53 1218
53 1118
53 2599
53 2502
53 315
53 1392
53 1300
53 2441
53 433
53 1456
53 557
53 1898
53 2403
53 1818
53 2217
53 167
53 1640
54 890
54 1821
54 2733
54 2142
54 1738
54 116
54 2362
54 1635
54 1283
54 2308
54 13
54 1669
54 470
54 413
54 2434
54 1535
54 2003
54 1230
54 405
54 275
54 2390
54 2522
54 581
55 397
55 2425
55 911
55 745
55 517
55 919
55 1630
55 2529
55 393
55 564
55 44
55 690
55 2543
55 202
55 1269
55 772
55 1869
55 1802
55 1560
55 1860
55 182
55 1223
55 2191
56 2472
56 217
56 313
56 2580
56 2544
56 80
56 77
56 1351
56 647
56 417
56 1865
56 2058
56 2245
56 2348
56 797
56 1534
56 391
56 875
56 2508
56 469
56 1031
56 1364
56 1427
57 474
57 91
57 1412
57 2725
57 1547
57 1222
57 527
57 1225
57 2480
57 1290
57 1421
57 221
57 1924
57 1835
57 2275
57 2289
57 1688
57 2374
57 1354
57 183
57 674
57 1632
57 1292
58 1565
58 2171
58 2525
58 223
58 331
58 38
58 2209
58 2023
58 1417
58 738
58 236
58 2090
58 1481
58 692
58 2206
58 2259
58 550
58 2073
58 1704
58 1618
58 1612
58 2213
58 877
59 2061
59 779
59 2471
59 2720
59 402
59 1588
59 1673
59 1538
59 2422
59 2461
59 975
59 1811
59 2081
59 2057
59 256
59 583
59 1510
59 661
59 1941
59 1959
59 1603
59 2507
59 2365
60 2717
60 1886
60 1709
60 1761
60 1532
60 1015
60 1238
60 1388
60 307
60 2039
60 1817
60 2063
60 2032
60 1135
60 2513
60 2144
60 2477
60 2192
60 509
60 2677
60 377
60 1896
60 2591
61 1671
61 1601
61 2363
61 2723
61 2454
61 657
61 650
61 1764
61 2251
61 1308
61 189
61 1949
61 159
61 2650
61 190
61 1572
61 339
61 1744
61 2296
61 2619
61 1874
61 2164
61 1793
62 1372
62 846
62 279
62 587
62 2673
62 938
62 364
62 610
62 2675
62 483
62 2148
62 2598
62 1299
62 369
62 2590
62 2221
62 636
62 2627
62 2629
62 618
62 1371
62 2740
62 556
63 403
63 2491
63 2659
63 2233
63 1782
63 621
63 679
63 1396
63 1073
63 1940
63 1312
63 2517
63 1074
63 2356
63 1170
63 2594
63 149
63 1548
63 1556
63 1322
63 125
63 2235
63 231
64 863
64 2745
64 1707
64 721
64 2056
64 589
64 47
64 2208
64 1089
64 1606
64 1816
64 1979
64 1980
64 807
64 2581
64 969
64 2340
64 2460
64 821
64 1888
64 161
64 1078
64 649
65 107
65 476
65 382
65 1524
65 659
65 653
65 1112
65 1526
65 1179
65 2449
65 1081
65 608
65 2705
65 1732
65 524
65 1007
65 1591
65 2210
65 319
65 1140
65 1520
65 1911
65 1186
66 1370
66 597
66 301
66 98
66 426
66 748
66 2149
66 138
66 1864
66 2736
66 2229
66 2710
66 789
66 1610
66 294
66 510
66 640
66 801
66 2022
66 624
66 1406
66 1758
66 687
67 1449
67 952
67 2101
67 1257
67 1656
67 500
67 399
67 26
67 1335
67 2450
67 1444
67 1627
67 2143
67 2570
67 1833
67 765
67 1954
67 2487
67 1645
67 110
67 2644
67 1038
67 1834
68 2663
68 914
68 1367
68 136
68 1490
68 565
68 249
68 1013
68 2277
68 316
68 1302
68 901
68 600
68 2554
68 603
68 2021
68 2031
68 616
68 1097
68 427
68 588
68 2304
68 251
69 637
69 513
69 133
69 1779
69 760
69 833
69 2228
69 1686
69 1771
69 271
69 2519
69 1047
69 648
69 755
69 660
69 746
69 419
69 1279
69 2024
69 899
69 1557
69 1622
69 1654
70 1029
70 1305
70 1513
70 2682
70 282
70 2097
70 2678
70 1377
70 601
70 809
70 1099
70 1346
70 265
70 1840
70 0
70 1699
70 1094
70 1287
70 447
70 135
70 1729
70 19
70 1517
71 586
71 1390
71 1912
71 909
71 2373
71 2137
71 2247
71 355
71 1237
71 2307
71 1853
71 2726
71 261
71 42
71 2380
71 1244
71 976
71 2087
71 504
71 1730
71 2692
71 162
71 2166
72 1030
72 326
72 2260
72 806
72 1138
72 574
72 489
72 2478
72 2287
72 1221
72 1105
72 1057
72 2151
72 1925
72 2006
72 50
72 425
72 1855
72 2045
72 1229
72 996
72 465
72 1629
73 2467
73 1211
73 981
73 43
73 368
73 2170
73 291
73 713
73 1093
73 2139
73 1877
73 2473
73 1794
73 1361
73 946
73 1425
73 723
73 613
73 416
73 1191
73 978
73 420
73 2613
74 734
74 703
74 1921
74 2225
74 519
74 651
74 2660
74 554
74 1574
74 769
74 1386
74 54
74 1500
74 1086
74 2127
74 2385
74 288
74 1411
74 82
74 1158
74 64
74 2332
74 2609
75 558
75 923
75 2122
75 1022
75 1199
75 547
75 538
75 555
75 398
75 126
75 2072
75 1110
75 1156
75 309
75 1053
75 633
75 1102
75 1277
75 1545
75 576
75 2178
75 179
75 2683
76 1132
76 2429
76 1340
76 317
76 1581
76 1280
76 1595
76 1260
76 1751
76 1096
76 1462
76 1628
76 1323
76 2040
76 1006
76 2154
76 1647
76 747
76 488
76 2327
76 1148
76 151
76 448
77 1887
77 1719
77 1923
77 948
77 1619
77 888
77 681
77 1667
77 525
77 184
77 1460
77 778
77 258
77 1854
77 2400
77 850
77 1339
77 1441
77 606
77 1495
77 2456
77 1104
77 428
78 2714
78 2168
78 354
78 1843
78 20
78 2015
78 1193
78 2299
78 514
78 1440
78 1527
78 2671
78 942
78 2504
78 1422
78 1598
78 1607
78 1168
78 2505
78 2616
78 1200
78 1249
78 638
79 1023
79 499
79 1969
79 2100
79 575
79 2635
79 2655
79 293
79 2223
79 2752
79 1511
79 2241
79 2463
79 980
79 177
79 1012
79 2282
79 11
79 1631
79 791
79 404
79 1469
79 384
80 957
80 2285
80 1580
80 1722
80 662
80 1250
80 592
80 55
80 1107
80 352
80 264
80 85
80 1139
80 494
80 1536
80 2553
80 501
80 1162
80 1453
80 1914
80 411
80 2119
80 390
81 2111
81 1522
81 127
81 2744
81 1918
81 1319
81 342
81 337
81 541
81 1735
81 686
81 2187
81 242
81 893
81 353
81 2583
81 2546
81 119
81 816
81 1562
81 979
81 715
81 2539
82 1685
82 2741
82 2565
82 1350
82 2257
82 1413
82 562
82 2226
82 2749
82 891
82 2528
82 1153
82 1467
82 229
82 776
82 2156
82 137
82 1867
82 215
82 1986
82 732
82 1349
82 1727
83 1431
83 2632
83 1369
83 6
83 1
83 1804
83 2060
83 1974
83 860
83 560
83 16
83 1965
83 124
83 759
83 811
83 924
83 1823
83 1032
83 1136
83 1665
83 2046
83 2388
83 1702
84 1693
84 2404
84 685
84 1271
84 1544
84 2104
84 834
84 622
84 247
84 1060
84 101
84 1621
84 1046
84 2499
84 158
84 2230
84 1953
84 333
84 961
84 166
84 932
84 1123
84 1726
85 771
85 1463
85 1263
85 646
85 1968
85 172
85 949
85 2163
85 1443
85 2370
85 1310
85 142
85 612
85 225
85 2637
85 1363
85 2731
85 2624
85 2548
85 1005
85 1718
85 492
85 1550
86 2742
86 485
86 785
86 1825
86 826
86 1224
86 1072
86 2095
86 1676
86 829
86 2520
86 2500
86 2552
86 1636
86 2033
86 677
86 805
86 464
86 446
86 862
86 2123
86 112
86 2588
87 1261
87 1724
87 534
87 105
87 460
87 2604
87 1773
87 2269
87 1515
87 654
87 2036
87 1777
87 2448
87 39
87 2569
87 2386
87 481
87 83
87 706
87 2719
87 2521
87 2652
87 2493
88 491
88 843
88 1091
88 1909
88 164
88 130
88 503
88 1675
88 2387
88 2536
88 2076
88 815
88 17
88 505
88 205
88 168
88 2012
88 934
88 892
88 396
88 160
88 1274
88 599
89 435
89 553
89 1901
89 702
89 1978
89 238
89 376
89 2138
89 989
89 299
89 1776
89 1082
89 1101
89 297
89 442
89 2350
89 471
89 1967
89 383
89 1659
89 306
89 2311
89 2207
90 1608
90 2074
90 2406
90 2674
90 1475
90 2572
90 1878
90 2200
90 1213
90 1484
90 486
90 2010
90 2729
90 970
90 1226
90 106
90 145
90 78
90 1207
90 1062
90 784
90 1680
90 1839
91 1239
91 1366
91 175
91 977
91 2267
91 1568
91 1992
91 328
91 1578
91 150
91 2647
91 2038
91 2411
91 944
91 2654
91 1379
91 1737
91 2116
91 1457
91 1492
91 2551
91 704
91 141
92 667
92 871
92 1845
92 2224
92 1357
92 395
92 2070
92 468
92 117
92 35
92 1452
92 1169
92 2737
92 2184
92 719
92 1597
92 2028
92 191
92 1090
92 1957
92 1971
92 1838
92 506
93 656
93 2005
93 2092
93 1284
93 2109
93 277
93 1088
93 1509
93 1569
93 2640
93 897
93 2516
93 211
93 1246
93 165
93 761
93 709
93 782
93 1419
93 29
93 2330
93 196
93 2734
94 2105
94 365
94 2047
94 2037
94 2481
94 2069
94 1214
94 1478
94 1755
94 188
94 2336
94 1069
94 1336
94 389
94 577
94 1275
94 790
94 775
94 1178
94 820
94 1242
94 2041
94 1152
95 2617
95 1662
95 15
95 2219
95 990
95 2343
95 783
95 2106
95 1566
95 987
95 67
95 733
95 2707
95 822
95 214
95 1040
95 2286
95 2212
95 1916
95 1003
95 1784
95 2436
95 698
96 2265
96 1414
96 1711
96 1374
96 2271
96 1235
96 886
96 1652
96 2541
96 766
96 1083
96 2115
96 1017
96 570
96 1696
96 2132
96 1695
96 2492
96 1151
96 79
96 1426
96 1326
96 1523
97 1343
97 852
97 2621
97 2368
97 1116
97 285
97 1121
97 2509
97 841
97 412
97 1975
97 2351
97 1399
97 387
97 2623
97 1768
97 596
97 268
97 1262
97 2630
97 1762
97 1331
97 2080
98 308
98 459
98 2605
98 626
98 204
98 432
98 572
98 1987
98 103
98 712
98 1248
98 463
98 73
98 2295
98 962
98 2062
98 918
98 1883
98 1694
98 1649
98 1848
98 2316
98 2281
99 1564
99 1208
99 1682
99 2314
99 2084
99 1196
99 644
99 1700
99 1268
99 300
99 532
99 1125
99 2188
99 1496
99 727
99 1124
99 1778
99 324
99 2559
99 851
99 366
99 1743
99 1512
100 1672
100 922
100 1011
100 1866
100 849
100 742
100 546
100 1155
100 794
100 1993
100 2318
100 278
100 154
100 671
100 424
100 449
100 1970
100 1127
100 2399
100 1183
100 1786
100 429
100 937
101 8
101 1405
101 1167
101 1332
101 2004
101 2009
101 92
101 2642
101 1079
101 2577
101 490
101 1525
101 90
101 1561
101 2626
101 1054
101 1533
101 1384
101 440
101 803
101 764
101 2503
101 96
