0 23278
0 15274
0 3594
0 3535
0 5077
0 9426
0 28722
0 20169
0 27759
0 38525
0 9236
0 27272
0 17450
0 27355
0 28648
0 14344
0 15777
0 14513
0 10958
0 1238
0 12358
0 41774
0 34041
0 35963
0 32124
0 22768
0 28092
0 13409
0 34631
0 35849
0 25979
0 13528
1 15713
1 1652
1 18149
1 42419
1 28125
1 42863
1 30161
1 41356
1 19879
1 30783
1 12609
1 5365
1 30798
1 33071
1 42038
1 20479
1 31952
1 43477
1 2368
1 25367
1 29302
1 41889
1 7135
1 22205
1 26214
1 20298
1 8967
1 47926
1 35555
1 33461
1 44434
1 26124
2 20458
2 24074
2 45205
2 4020
2 18527
2 19072
2 6817
2 4750
2 38345
2 49608
2 33952
2 2925
2 26960
2 19852
2 30122
2 1511
2 39624
2 45445
2 9773
2 48645
2 28398
2 40511
2 47725
2 14001
2 32596
2 15134
2 11042
2 45543
2 42080
2 33218
2 47421
2 30511
3 29323
3 49376
3 1324
3 33795
3 15012
3 44867
3 2773
3 24414
3 33035
3 12237
3 43319
3 1653
3 13579
3 49924
3 36463
3 11794
3 34556
3 47454
3 10782
3 44397
3 44716
3 17288
3 26708
3 38233
3 34136
3 8019
3 1338
3 27281
3 45970
3 28248
3 33715
3 14550
4 23505
4 12233
4 3213
4 30683
4 19191
4 43490
4 145
4 6514
4 40069
4 37055
4 1180
4 20735
4 5677
4 37057
4 35641
4 45367
4 10650
4 32185
4 9833
4 44258
4 40659
4 2769
4 34630
4 37771
4 36801
4 12963
4 8292
4 37075
4 18400
4 37339
4 11985
4 19801
5 22563
5 29778
5 31369
5 29133
5 41562
5 32314
5 44844
5 46298
5 4836
5 36465
5 3805
5 34312
5 48230
5 32636
5 542
5 44065
5 464
5 26316
5 43684
5 35545
5 33951
5 48906
5 32913
5 12719
5 34710
5 804
5 32879
5 47657
5 40058
5 28834
5 28867
5 29889
6 11557
6 45387
6 29436
6 30566
6 5219
6 42055
6 16874
6 17301
6 14747
6 26366
6 30685
6 25473
6 28507
6 28510
6 33822
6 48351
6 10237
6 13721
6 17637
6 15088
6 48981
6 12885
6 18269
6 35613
6 14216
6 27311
6 32885
6 11211
6 10231
6 22383
6 37269
6 6237
7 35135
7 26031
7 15382
7 39250
7 34209
7 35960
7 23198
7 21893
7 12773
7 45984
7 5718
7 34078
7 4884
7 15991
7 28106
7 39511
7 45430
7 39555
7 22007
7 34244
7 41650
7 31942
7 41862
7 3963
7 22487
7 15099
7 3239
7 6561
7 48272
7 30891
7 3476
7 35626
8 45489
8 26468
8 22237
8 18327
8 18794
8 19154
8 42613
8 33548
8 33609
8 26185
8 7120
8 13298
8 27747
8 7137
8 16
8 14551
8 7362
8 13692
8 41548
8 31889
8 41343
8 17517
8 25640
8 29988
8 24570
8 33858
8 15361
8 7119
8 8509
8 23351
8 10798
8 6386
9 32460
9 45242
9 16369
9 13668
9 6962
9 24464
9 23303
9 8540
9 45155
9 19055
9 33879
9 20582
9 14040
9 46402
9 13866
9 36258
9 40610
9 24185
9 41610
9 26685
9 16619
9 5209
9 8111
9 26302
9 9178
9 6506
9 9547
9 31474
9 36594
9 18408
9 48961
9 28501
10 40448
10 39016
10 45053
10 26126
10 17344
10 40049
10 7429
10 20186
10 44171
10 35787
10 13032
10 34374
10 45992
10 42860
10 11586
10 27275
10 26039
10 42544
10 17436
10 47065
10 20052
10 47240
10 21167
10 29868
10 49753
10 44135
10 40585
10 44873
10 28187
10 25426
10 37959
10 4563
11 30878
11 48407
11 46123
11 16447
11 8326
11 10712
11 14397
11 30347
11 26414
11 38189
11 24231
11 4981
11 1368
11 15473
11 37899
11 11040
11 2419
11 38219
11 46269
11 46438
11 27413
11 7331
11 8646
11 31219
11 27079
11 18236
11 3695
11 35050
11 34199
11 39427
11 3719
11 7840
12 48315
12 26578
12 24355
12 12787
12 44876
12 46397
12 22342
12 27597
12 48529
12 21580
12 24292
12 23920
12 29820
12 31179
12 30781
12 12123
12 1084
12 29337
12 49138
12 7601
12 38044
12 12676
12 27430
12 42143
12 3689
12 23655
12 18814
12 11957
12 29123
12 7350
12 37103
12 27942
13 20671
13 22900
13 427
13 2626
13 35365
13 36005
13 44490
13 39903
13 34715
13 26670
13 46950
13 2944
13 14299
13 43685
13 38777
13 15722
13 26667
13 45203
13 9427
13 27128
13 5763
13 723
13 23978
13 17287
13 44108
13 29219
13 26619
13 46705
13 39174
13 10298
13 35532
13 39505
14 6684
14 24507
14 11282
14 33645
14 16949
14 8758
14 31072
14 33757
14 31811
14 7787
14 25683
14 39176
14 5733
14 27878
14 49411
14 43270
14 9054
14 48732
14 25625
14 11039
14 29643
14 31231
14 34700
14 22266
14 38250
14 15846
14 32445
14 26078
14 15452
14 13483
14 32276
14 37639
15 7479
15 3647
15 41072
15 13537
15 30900
15 39372
15 49337
15 5431
15 11729
15 48069
15 22858
15 35015
15 30543
15 35820
15 38852
15 10051
15 3174
15 47730
15 2398
15 1271
15 33806
15 37968
15 31121
15 12326
15 1199
15 14075
15 16817
15 39747
15 20368
15 3006
15 28619
15 29944
16 12966
16 32646
16 41893
16 3742
16 7822
16 16590
16 28856
16 44130
16 33920
16 36719
16 34546
16 39759
16 26206
16 19724
16 9548
16 4687
16 8659
16 30078
16 41484
16 23857
16 43251
16 8120
16 24151
16 19141
16 23487
16 12709
16 49676
16 47531
16 49544
16 38818
16 44758
16 26048
17 17002
17 28447
17 42018
17 41090
17 16128
17 34024
17 18561
17 42012
17 35657
17 46497
17 48368
17 45479
17 38019
17 39769
17 46583
17 14074
17 29186
17 26425
17 24821
17 44783
17 33589
17 17877
17 40652
17 33762
17 17705
17 37991
17 49491
17 32188
17 20028
17 5834
17 34220
17 17579
18 2557
18 12541
18 13292
18 9774
18 4384
18 41165
18 9782
18 15969
18 44061
18 31289
18 32203
18 44591
18 16017
18 12009
18 16929
18 5205
18 1597
18 38676
18 39571
18 34994
18 31256
18 2554
18 952
18 22397
18 32952
18 9654
18 13148
18 14107
18 44274
18 21442
18 43832
18 19077
19 28884
19 48276
19 32144
19 18220
19 15918
19 18493
19 40063
19 49758
19 18633
19 43244
19 37297
19 38846
19 25588
19 46563
19 5540
19 180
19 15732
19 31332
19 35812
19 44231
19 26385
19 29357
19 43621
19 18120
19 48497
19 39873
19 36452
19 43379
19 34017
19 41699
19 34860
19 34999
20 8882
20 4989
20 32836
20 30425
20 27004
20 12831
20 33915
20 11958
20 18928
20 13760
20 39084
20 30704
20 4648
20 20210
20 35705
20 17936
20 33153
20 43942
20 31009
20 15716
20 44111
20 8767
20 31785
20 40053
20 26613
20 43565
20 22243
20 27424
20 39370
20 13700
20 29259
20 25198
21 37468
21 5596
21 24826
21 11319
21 14109
21 37900
21 38732
21 2406
21 19339
21 48598
21 43392
21 11712
21 46521
21 4372
21 44201
21 9177
21 7820
21 10676
21 22884
21 16826
21 32762
21 20131
21 44393
21 30804
21 6979
21 21043
21 36549
21 4514
21 7893
21 19147
21 28247
21 49739
22 26835
22 26441
22 7696
22 26429
22 43564
22 41161
22 39395
22 26532
22 26070
22 32180
22 17243
22 36375
22 21557
22 34825
22 39731
22 18821
22 47193
22 46821
22 33620
22 31477
22 15017
22 41185
22 48724
22 27847
22 1442
22 31742
22 8603
22 38235
22 23745
22 30371
22 12670
22 23454
23 14898
23 37213
23 46058
23 31426
23 4464
23 4932
23 45382
23 10997
23 30283
23 48551
23 43037
23 19568
23 39836
23 14608
23 13518
23 17714
23 17173
23 19767
23 44292
23 46131
23 33086
23 37360
23 42121
23 43351
23 28476
23 37640
23 47141
23 30388
23 11721
23 23524
23 27202
23 13616
24 44920
24 39866
24 48096
24 48709
24 3715
24 36985
24 48163
24 35808
24 7468
24 9738
24 22641
24 49269
24 47532
24 11511
24 29822
24 5084
24 8440
24 26518
24 44835
24 36888
24 5955
24 26775
24 6783
24 7034
24 17866
24 29896
24 37376
24 12982
24 5295
24 29667
24 6266
24 27871
25 35225
25 10276
25 27058
25 8468
25 22181
25 43118
25 12415
25 15242
25 26341
25 13117
25 1540
25 16690
25 42341
25 42138
25 36823
25 18992
25 43563
25 18374
25 46620
25 1354
25 48086
25 45739
25 703
25 15948
25 49467
25 3595
25 14424
25 4486
25 24244
25 1257
25 29580
25 44627
26 34832
26 44332
26 4075
26 43444
26 150
26 26466
26 10834
26 37777
26 38483
26 6688
26 41453
26 23216
26 20025
26 525
26 31792
26 9616
26 27637
26 25716
26 40104
26 28668
26 49678
26 20434
26 33567
26 34020
26 14808
26 40879
26 37271
26 17770
26 32259
26 49629
26 297
26 41794
27 36702
27 2810
27 23181
27 47669
27 16566
27 9832
27 40767
27 44619
27 12594
27 7759
27 20289
27 28338
27 28379
27 34577
27 29979
27 29890
27 48296
27 21583
27 47901
27 7473
27 33013
27 9533
27 15052
27 1584
27 26256
27 49551
27 19642
27 33141
27 37513
27 30800
27 17200
27 48733
28 47053
28 9163
28 30041
28 34960
28 48570
28 39590
28 19540
28 15218
28 34918
28 21215
28 15975
28 29347
28 28587
28 19827
28 18837
28 23727
28 18229
28 14800
28 48510
28 47999
28 9453
28 39532
28 17595
28 6456
28 46066
28 27695
28 45240
28 36462
28 43992
28 16401
28 13596
28 2391
29 21288
29 22917
29 34987
29 3577
29 38797
29 44948
29 30211
29 38294
29 48880
29 42694
29 41585
29 29862
29 2464
29 45904
29 30304
29 42198
29 36712
29 13308
29 3396
29 12032
29 2880
29 10999
29 44731
29 35910
29 22414
29 47094
29 49409
29 12958
29 21520
29 6112
29 22687
29 2881
30 19625
30 37692
30 41472
30 1214
30 3794
30 31070
30 15528
30 20045
30 39413
30 6922
30 42265
30 3409
30 33053
30 29270
30 22031
30 31200
30 10671
30 17555
30 24189
30 13137
30 5355
30 20279
30 44574
30 28039
30 18116
30 14516
30 21636
30 39800
30 18087
30 37821
30 36028
30 30454
31 9909
31 15254
31 36189
31 41495
31 24011
31 11801
31 11326
31 27283
31 7770
31 19571
31 5836
31 9528
31 37411
31 19490
31 39383
31 27294
31 34019
31 33808
31 16104
31 41840
31 27247
31 49904
31 22517
31 31136
31 17026
31 41502
31 32025
31 48403
31 44488
31 14211
31 14639
31 29353
32 31175
32 4306
32 33260
32 21743
32 8787
32 38065
32 9456
32 20704
32 38389
32 31947
32 45348
32 32303
32 40474
32 27374
32 16745
32 8455
32 21300
32 28352
32 36306
32 7455
32 36186
32 16551
32 5509
32 13368
32 33140
32 23182
32 14677
32 44034
32 11813
32 21859
32 25658
32 24964
33 27800
33 16418
33 36538
33 41715
33 11535
33 49426
33 17708
33 25573
33 9284
33 23960
33 47597
33 34653
33 46258
33 37805
33 20364
33 13701
33 819
33 47490
33 6618
33 6182
33 34441
33 27773
33 36602
33 16691
33 31856
33 47536
33 6012
33 13039
33 28755
33 13982
33 20376
33 33394
34 37632
34 26838
34 33697
34 28439
34 11424
34 10016
34 25062
34 10216
34 42463
34 22490
34 32593
34 40597
34 5379
34 38168
34 27418
34 20861
34 36114
34 39601
34 22132
34 17608
34 35104
34 20766
34 26595
34 47232
34 7647
34 4091
34 20892
34 32916
34 31318
34 40789
34 8643
34 42554
35 33745
35 25405
35 20375
35 21964
35 455
35 19917
35 46064
35 36626
35 40650
35 46495
35 12107
35 47645
35 3137
35 41660
35 37608
35 13414
35 10633
35 11583
35 47103
35 29482
35 36527
35 7403
35 40629
35 22712
35 8838
35 25565
35 5185
35 19124
35 33962
35 46195
35 10080
35 44500
36 26003
36 12858
36 49755
36 42239
36 16292
36 23568
36 29941
36 13243
36 11245
36 43983
36 47418
36 5928
36 835
36 36848
36 24886
36 38605
36 39027
36 37738
36 37870
36 25152
36 42753
36 37555
36 47195
36 25165
36 19891
36 6636
36 12841
36 40437
36 41223
36 13336
36 18767
36 17516
37 49321
37 24705
37 45898
37 42139
37 12889
37 25559
37 1018
37 1657
37 23078
37 15560
37 32981
37 37097
37 17798
37 49042
37 36043
37 37507
37 28064
37 36816
37 33096
37 2234
37 40231
37 43914
37 1080
37 48615
37 18972
37 48690
37 27212
37 33039
37 22723
37 32502
37 47585
37 31192
38 15690
38 23344
38 31821
38 9785
38 39935
38 34485
38 43656
38 9021
38 41158
38 25769
38 13599
38 30509
38 6184
38 38223
38 39478
38 1193
38 3274
38 32014
38 23377
38 2802
38 45325
38 10121
38 34012
38 2176
38 49304
38 5068
38 15919
38 2941
38 47474
38 18073
38 45123
38 13435
39 40098
39 30326
39 34896
39 13473
39 41196
39 36418
39 40525
39 14473
39 11265
39 21506
39 17931
39 24067
39 551
39 6574
39 26365
39 21397
39 45886
39 30229
39 15044
39 22753
39 32039
39 21202
39 41734
39 28132
39 25704
39 47456
39 11046
39 20897
39 27032
39 24205
39 49745
39 49920
40 6119
40 13635
40 40235
40 41962
40 22987
40 4717
40 20079
40 11787
40 18071
40 5359
40 22351
40 5491
40 32603
40 1282
40 12453
40 4902
40 45595
40 3557
40 1990
40 38028
40 22867
40 23375
40 29016
40 16366
40 32561
40 20821
40 4505
40 14031
40 37121
40 43642
40 39143
40 40574
41 2732
41 20250
41 48130
41 40619
41 5918
41 10957
41 24871
41 998
41 22575
41 23029
41 13530
41 20523
41 17443
41 27523
41 38199
41 19420
41 27178
41 16375
41 43157
41 36871
41 41749
41 47143
41 17100
41 41474
41 43140
41 44908
41 36001
41 13627
41 14812
41 16349
41 18159
41 46910
42 45126
42 14849
42 3630
42 37109
42 31449
42 14686
42 9248
42 11445
42 39351
42 12121
42 32750
42 10308
42 85
42 21490
42 3172
42 30227
42 49016
42 24728
42 45962
42 22214
42 15522
42 42517
42 31158
42 8214
42 24483
42 45125
42 18594
42 33917
42 33280
42 18090
42 29931
42 34677
43 21457
43 26981
43 48556
43 45857
43 28830
43 32938
43 18712
43 21985
43 39535
43 16037
43 4575
43 36962
43 21692
43 29262
43 42709
43 35161
43 35311
43 33895
43 34342
43 26785
43 19403
43 28105
43 36983
43 12528
43 4164
43 8686
43 344
43 38470
43 46652
43 44673
43 474
43 18237
44 4146
44 11175
44 6081
44 40010
44 48011
44 1983
44 8894
44 12745
44 45451
44 40712
44 47816
44 7292
44 36975
44 30948
44 32072
44 30368
44 14330
44 36346
44 6952
44 48747
44 35086
44 9096
44 40109
44 5899
44 13617
44 29216
44 14260
44 1085
44 4714
44 42978
44 6990
44 9748
45 6920
45 47099
45 47050
45 37624
45 6474
45 40118
45 6791
45 39674
45 18043
45 18818
45 1187
45 18122
45 21039
45 36673
45 35383
45 12833
45 21201
45 7747
45 6086
45 36777
45 38260
45 40709
45 41
45 13602
45 4139
45 23395
45 14456
45 19487
45 4067
45 48270
45 5951
45 37743
46 4481
46 16261
46 27091
46 33754
46 35121
46 22637
46 9897
46 44323
46 37037
46 42706
46 8413
46 46210
46 16144
46 47210
46 28428
46 18273
46 37697
46 29080
46 20652
46 18993
46 43745
46 7247
46 11678
46 39513
46 23999
46 18617
46 3931
46 37938
46 24695
46 8427
46 34341
46 22790
47 38946
47 4497
47 35439
47 1683
47 14964
47 29308
47 36230
47 23229
47 14505
47 24280
47 16027
47 36111
47 43446
47 2042
47 17291
47 45130
47 43756
47 34063
47 22837
47 47491
47 34809
47 1670
47 44246
47 41171
47 17534
47 7830
47 20426
47 25313
47 14666
47 25262
47 15074
47 21281
48 24505
48 44142
48 3464
48 17073
48 48980
48 39282
48 31900
48 5551
48 4509
48 7185
48 13997
48 9743
48 20806
48 922
48 49492
48 48271
48 31319
48 37256
48 49452
48 28879
48 17165
48 25350
48 17988
48 44015
48 47721
48 4803
48 29857
48 11174
48 49176
48 40050
48 31954
48 9137
49 2372
49 10995
49 34131
49 2236
49 2920
49 18189
49 23528
49 36243
49 39978
49 19075
49 5444
49 35671
49 12856
49 33565
49 3127
49 12345
49 6245
49 31747
49 31350
49 33676
49 2233
49 15215
49 3897
49 48776
49 15623
49 41228
49 11731
49 43625
49 42531
49 18895
49 19911
49 27492
50 36477
50 31598
50 43603
50 18858
50 42268
50 5992
50 8258
50 13778
50 11475
50 11640
50 16940
50 25582
50 49913
50 46867
50 9037
50 16545
50 23373
50 40772
50 11964
50 2063
50 47377
50 43799
50 29076
50 34080
50 3603
50 32282
50 39006
50 21573
50 16770
50 38138
50 30354
50 32947
51 21499
51 8507
51 17319
51 3403
51 8091
51 43002
51 1608
51 4272
51 10792
51 26791
51 31059
51 20299
51 23401
51 1126
51 16081
51 23107
51 26734
51 35709
51 21095
51 27307
51 43362
51 10573
51 32557
51 24712
51 4839
51 2381
51 6444
51 23534
51 16106
51 47003
51 46159
51 38910
52 41159
52 34772
52 32494
52 17781
52 10975
52 47204
52 30612
52 10561
52 32989
52 49964
52 44750
52 25439
52 13057
52 37172
52 44732
52 43730
52 35901
52 39335
52 36599
52 29086
52 21968
52 26929
52 6183
52 17330
52 26984
52 39443
52 43514
52 9349
52 27
52 18231
52 21084
52 35930
53 35118
53 6443
53 4130
53 11788
53 47081
53 18054
53 6603
53 35189
53 25167
53 27872
53 19178
53 7157
53 24206
53 30129
53 13870
53 30034
53 41365
53 8977
53 47682
53 45116
53 28626
53 69
53 29528
53 42523
53 32764
53 25456
53 39374
53 30160
53 44717
53 35479
53 20427
53 37860
54 3997
54 14386
54 15935
54 47280
54 31898
54 11697
54 7275
54 649
54 36758
54 36783
54 43423
54 46036
54 34910
54 15751
54 17643
54 40826
54 2430
54 17333
54 46727
54 47325
54 19145
54 43546
54 25896
54 20004
54 37775
54 35730
54 22573
54 21812
54 5717
54 8433
54 31076
54 10775
55 11085
55 2457
55 8285
55 19592
55 40799
55 20552
55 26332
55 41742
55 42307
55 2924
55 41712
55 8114
55 16604
55 4194
55 48119
55 31233
55 22329
55 16177
55 35896
55 380
55 25464
55 48661
55 12117
55 2029
55 35294
55 33796
55 20865
55 3962
55 4672
55 33756
55 37070
55 13889
56 47423
56 14334
56 2918
56 29456
56 43374
56 13189
56 35579
56 689
56 47360
56 40795
56 19681
56 12571
56 48440
56 5361
56 20305
56 23447
56 8628
56 43650
56 12564
56 49557
56 787
56 13025
56 31772
56 27814
56 397
56 1822
56 7156
56 38176
56 24108
56 5233
56 29639
56 23461
57 13992
57 14698
57 37512
57 4579
57 7414
57 8733
57 40142
57 7316
57 12970
57 33137
57 8768
57 45127
57 43288
57 270
57 26481
57 24254
57 17025
57 4990
57 36478
57 29003
57 17529
57 40061
57 11474
57 31720
57 30107
57 2371
57 11243
57 43314
57 42313
57 49911
57 32304
57 37504
58 12895
58 22127
58 36558
58 16973
58 27395
58 44223
58 16728
58 22636
58 24268
58 14966
58 24438
58 21495
58 31941
58 45460
58 27665
58 33007
58 28624
58 6213
58 41215
58 1179
58 49424
58 42317
58 39148
58 38718
58 12308
58 48294
58 37709
58 16386
58 47072
58 27556
58 32772
58 20677
59 16446
59 36999
59 1237
59 16777
59 23247
59 13420
59 24627
59 43511
59 4560
59 11004
59 45659
59 22470
59 8081
59 40744
59 32022
59 1378
59 14119
59 37976
59 17119
59 44095
59 110
59 21624
59 13465
59 10064
59 47683
59 13178
59 30474
59 21671
59 46059
59 16167
59 38962
59 26379
60 33344
60 29774
60 4815
60 6772
60 48317
60 46542
60 21831
60 6904
60 38494
60 34435
60 30018
60 15965
60 11238
60 7417
60 7241
60 18944
60 8520
60 15999
60 38025
60 7227
60 31462
60 997
60 45662
60 3084
60 41253
60 17797
60 29132
60 22186
60 29668
60 10766
60 49419
60 34437
61 47874
61 7342
61 33262
61 5138
61 29918
61 7590
61 7575
61 24789
61 17676
61 3078
61 24492
61 18072
61 3249
61 7330
61 18717
61 13591
61 544
61 49581
61 47184
61 27255
61 11112
61 39775
61 47524
61 14014
61 33984
61 11702
61 7658
61 35500
61 32286
61 8177
61 25239
61 6614
62 28864
62 6436
62 47498
62 32471
62 4316
62 32384
62 6982
62 38849
62 40786
62 9636
62 17996
62 6104
62 49499
62 591
62 47899
62 32413
62 24305
62 24500
62 26209
62 19422
62 49871
62 24685
62 11764
62 41006
62 13484
62 47953
62 21571
62 35123
62 41421
62 41288
62 41599
62 44612
63 5093
63 33159
63 29802
63 3730
63 47740
63 7735
63 143
63 41040
63 17128
63 35945
63 20135
63 19096
63 38967
63 29735
63 20417
63 1049
63 41902
63 48785
63 45755
63 790
63 2795
63 8887
63 4066
63 5994
63 26897
63 16980
63 16004
63 19815
63 36097
63 13369
63 37925
63 205
64 4996
64 30548
64 34549
64 47866
64 2845
64 37117
64 31708
64 18505
64 18753
64 21170
64 5879
64 48137
64 32457
64 18724
64 34675
64 49715
64 42940
64 37867
64 29860
64 2533
64 6528
64 30531
64 30513
64 44394
64 29214
64 41480
64 35535
64 12388
64 38378
64 2151
64 28489
64 45556
65 32834
65 6914
65 28855
65 4603
65 48126
65 20484
65 34260
65 22195
65 5820
65 37671
65 7339
65 29091
65 18550
65 35503
65 28261
65 19161
65 44985
65 35425
65 15605
65 3105
65 34654
65 10263
65 36547
65 15657
65 5024
65 39907
65 48829
65 4977
65 3838
65 30351
65 33
65 210
66 29932
66 47055
66 5424
66 33300
66 3860
66 10412
66 34787
66 9620
66 46349
66 6700
66 2328
66 14275
66 16672
66 26360
66 33898
66 26217
66 16107
66 15664
66 32630
66 35897
66 3905
66 31908
66 1978
66 37890
66 19736
66 11570
66 28150
66 47369
66 38642
66 41511
66 47037
66 44524
67 4609
67 47844
67 6380
67 29434
67 32604
67 39502
67 23070
67 26411
67 37329
67 15332
67 37221
67 47314
67 32951
67 47386
67 39089
67 20253
67 14515
67 21363
67 41760
67 35199
67 44900
67 42945
67 46268
67 2062
67 26453
67 13266
67 43880
67 34679
67 46553
67 191
67 15324
67 4226
68 4361
68 34217
68 46896
68 6550
68 30456
68 27262
68 49932
68 3533
68 38822
68 9742
68 10361
68 43955
68 45714
68 39158
68 34905
68 26327
68 23724
68 22696
68 32843
68 11932
68 17077
68 39833
68 18381
68 14793
68 6449
68 193
68 39098
68 13212
68 45993
68 47868
68 4063
68 279
69 29664
69 47270
69 7502
69 32857
69 4923
69 40632
69 32177
69 49598
69 4612
69 831
69 7795
69 19180
69 5048
69 25298
69 40324
69 2628
69 12404
69 17911
69 14354
69 26576
69 6634
69 11143
69 17909
69 6150
69 10772
69 7995
69 20302
69 16958
69 29833
69 47224
69 40924
69 8588
70 31267
70 47404
70 6611
70 34427
70 4799
70 7069
70 37643
70 7086
70 45698
70 4709
70 16678
70 45381
70 39352
70 15271
70 24802
70 43470
70 2564
70 48935
70 28808
70 34718
70 39649
70 45776
70 33151
70 14317
70 19989
70 37962
70 35019
70 34013
70 32225
70 2529
70 29682
70 43433
71 48003
71 31687
71 3477
71 5563
71 28509
71 26493
71 36543
71 34790
71 1478
71 36239
71 32134
71 21833
71 3615
71 1987
71 2806
71 583
71 13222
71 31413
71 4452
71 20102
71 10035
71 9672
71 41251
71 18211
71 39038
71 46573
71 27857
71 13558
71 12579
71 28656
71 2220
71 9049
72 33412
72 29545
72 47692
72 6808
72 5114
72 16065
72 40234
72 5144
72 8035
72 8495
72 4582
72 45822
72 1588
72 26087
72 37447
72 19591
72 44687
72 44189
72 4337
72 40810
72 37789
72 21925
72 21453
72 14668
72 9496
72 49495
72 33487
72 44554
72 18910
72 27794
72 7985
72 30837
73 6401
73 4131
73 48102
73 33265
73 29209
73 19638
73 18843
73 32748
73 40541
73 44441
73 49959
73 45890
73 3202
73 19885
73 4660
73 20890
73 11532
73 2859
73 36723
73 37873
73 25689
73 47503
73 22679
73 42629
73 17277
73 27744
73 4959
73 32610
73 29163
73 31467
73 6387
73 12371
74 34432
74 8451
74 6060
74 48279
74 31290
74 34869
74 16067
74 3449
74 7652
74 2934
74 14913
74 28990
74 28307
74 49463
74 6518
74 12352
74 20691
74 47070
74 47758
74 25580
74 12906
74 25520
74 41979
74 42179
74 49285
74 32118
74 10415
74 27448
74 10553
74 30060
74 7416
74 35980
75 6022
75 48584
75 32337
75 9048
75 35646
75 959
75 23641
75 32218
75 9691
75 41332
75 46744
75 19926
75 34497
75 9412
75 22946
75 6503
75 17901
75 17148
75 1625
75 15518
75 22785
75 18869
75 23676
75 11513
75 1379
75 39461
75 41475
75 37395
75 40759
75 37702
75 15095
75 46803
76 5091
76 6510
76 30768
76 48023
76 34394
76 5702
76 12422
76 15173
76 37133
76 6049
76 7190
76 20223
76 18913
76 24215
76 2770
76 4781
76 37603
76 35981
76 8445
76 8923
76 32042
76 10779
76 4793
76 27862
76 6270
76 30993
76 8108
76 27033
76 10426
76 13347
76 11446
76 43952
77 30310
77 5098
77 33230
77 6671
77 48349
77 20227
77 1493
77 17382
77 46433
77 21737
77 38618
77 48985
77 47203
77 13791
77 45253
77 42115
77 26912
77 40483
77 40762
77 7107
77 35864
77 41369
77 44622
77 27593
77 22857
77 37943
77 15388
77 43956
77 9083
77 20175
77 40664
77 28611
78 4260
78 47371
78 33490
78 29690
78 5916
78 46474
78 33353
78 12879
78 27737
78 48865
78 5851
78 44199
78 29155
78 13925
78 40539
78 45034
78 23934
78 37783
78 18075
78 16955
78 35515
78 46292
78 24529
78 36836
78 25864
78 37553
78 41882
78 48990
78 35944
78 34349
78 39142
78 5538
79 31173
79 4517
79 47689
79 6494
79 34943
79 19217
79 46969
79 17492
79 35598
79 17995
79 43134
79 9735
79 37891
79 5507
79 4738
79 640
79 5485
79 4032
79 25976
79 42616
79 20610
79 38411
79 13248
79 40441
79 32486
79 8033
79 3155
79 26269
79 3493
79 39494
79 25875
79 41078
80 6113
80 33894
80 30281
80 3768
80 48095
80 41987
80 1512
80 6459
80 41504
80 26467
80 25758
80 4924
80 30933
80 22492
80 4501
80 25878
80 4862
80 36652
80 16443
80 21740
80 19346
80 22633
80 22336
80 16582
80 15005
80 41469
80 3319
80 48318
80 31568
80 16051
80 15026
80 4349
81 48004
81 28913
81 8276
81 32821
81 6172
81 18771
81 14621
81 47237
81 11247
81 22393
81 16503
81 13592
81 28000
81 43450
81 29483
81 39498
81 21021
81 49742
81 24481
81 31393
81 42418
81 37849
81 30365
81 24444
81 19993
81 14053
81 15933
81 503
81 23159
81 24756
81 29252
81 47035
82 34088
82 5257
82 47534
82 31249
82 6961
82 25615
82 15304
82 28096
82 27053
82 40082
82 49631
82 34471
82 30639
82 22192
82 38171
82 13318
82 35829
82 32602
82 42626
82 23809
82 34673
82 20686
82 24178
82 28265
82 42519
82 8573
82 29229
82 14057
82 27314
82 11901
82 13546
82 25817
83 30404
83 6899
83 48115
83 34101
83 4985
83 7424
83 22030
83 38746
83 19142
83 24405
83 3884
83 24160
83 45100
83 22918
83 32070
83 5488
83 46132
83 15608
83 46236
83 22010
83 29197
83 39631
83 47209
83 4401
83 7863
83 26721
83 44727
83 49471
83 15003
83 20096
83 33103
83 19207
84 35148
84 31823
84 3922
84 6548
84 48127
84 42386
84 34864
84 32888
84 36271
84 49315
84 32768
84 13566
84 41646
84 38151
84 2765
84 30578
84 13441
84 43382
84 1033
84 44992
84 6726
84 46128
84 47508
84 33516
84 45234
84 47908
84 43323
84 5237
84 15427
84 34961
84 37549
84 21708
85 5089
85 47913
85 34450
85 3481
85 30815
85 23388
85 15251
85 16648
85 26833
85 21638
85 4888
85 34824
85 17089
85 11559
85 4840
85 20641
85 28239
85 7115
85 14097
85 2223
85 2115
85 41132
85 8340
85 39020
85 45043
85 43632
85 20311
85 23135
85 28077
85 20241
85 29575
85 46242
86 5251
86 31683
86 47984
86 7608
86 34591
86 17306
86 26375
86 3318
86 45263
86 32794
86 38157
86 25287
86 41756
86 18404
86 35599
86 36947
86 45306
86 39043
86 46967
86 33309
86 16815
86 17240
86 48533
86 22252
86 23280
86 20918
86 49405
86 27837
86 27404
86 4512
86 21679
86 40963
87 4615
87 47752
87 29837
87 6448
87 33823
87 17616
87 8956
87 34968
87 17863
87 43617
87 47535
87 24819
87 14738
87 9737
87 16255
87 13593
87 38008
87 374
87 16465
87 40341
87 3115
87 2416
87 26251
87 1849
87 6264
87 23710
87 9320
87 47732
87 26985
87 44527
87 7387
87 49505
88 48675
88 7919
88 31222
88 5686
88 34079
88 29074
88 25195
88 46342
88 43753
88 47935
88 47259
88 7180
88 17445
88 37952
88 11746
88 37066
88 42247
88 31676
88 39998
88 32105
88 18428
88 10964
88 26433
88 10414
88 30074
88 8729
88 46863
88 24299
88 44050
88 31872
88 44825
88 15986
89 32964
89 5009
89 28567
89 6201
89 47039
89 6352
89 37126
89 49623
89 28182
89 257
89 45786
89 15055
89 42300
89 10891
89 2713
89 45140
89 1671
89 19196
89 19221
89 12089
89 19421
89 5675
89 13548
89 6683
89 7207
89 26335
89 7573
89 49983
89 26816
89 19723
89 47451
89 3295
90 29355
90 5389
90 3982
90 33909
90 47166
90 29139
90 36372
90 7953
90 22319
90 7504
90 10842
90 4581
90 29704
90 10482
90 46260
90 15415
90 36565
90 41782
90 27671
90 44956
90 37136
90 19359
90 30091
90 37412
90 25760
90 30198
90 6428
90 12624
90 10810
90 28312
90 34463
90 1685
91 48032
91 6890
91 35180
91 31058
91 5177
91 42326
91 1912
91 17278
91 15076
91 6082
91 47637
91 17071
91 18817
91 6030
91 42385
91 14646
91 41604
91 25859
91 14947
91 12912
91 28521
91 27604
91 47400
91 6587
91 30066
91 21754
91 14017
91 10344
91 35132
91 8886
91 8290
91 6531
92 31176
92 5235
92 7861
92 47830
92 35098
92 26547
92 37859
92 5924
92 5785
92 29531
92 35837
92 1056
92 5036
92 13035
92 42043
92 46322
92 25665
92 9506
92 35776
92 48689
92 4161
92 36190
92 39509
92 41069
92 29265
92 13629
92 37503
92 4499
92 27890
92 16811
92 8226
92 23359
93 7489
93 34639
93 5266
93 30874
93 47323
93 24576
93 42654
93 33825
93 22557
93 35899
93 23224
93 1893
93 31865
93 35559
93 45257
93 30286
93 6590
93 36674
93 49113
93 32851
93 19033
93 28723
93 22048
93 49958
93 12731
93 16408
93 17979
93 47581
93 18352
93 46028
93 8778
93 12099
94 34050
94 29960
94 7434
94 48208
94 4988
94 25672
94 43612
94 21961
94 16182
94 9157
94 48073
94 1623
94 45232
94 28891
94 13128
94 11391
94 49818
94 17846
94 7984
94 24769
94 38971
94 38553
94 39574
94 18304
94 40568
94 38694
94 37175
94 18234
94 11738
94 37888
94 48158
94 8164
95 6813
95 5230
95 34580
95 48605
95 30463
95 21794
95 49256
95 41768
95 33499
95 42800
95 46284
95 24552
95 47526
95 30877
95 33731
95 10941
95 1391
95 24573
95 15300
95 10223
95 19353
95 49059
95 15787
95 46933
95 8766
95 41257
95 20478
95 38772
95 5739
95 27500
95 34010
95 48708
96 35249
96 7765
96 31702
96 48444
96 5854
96 27509
96 18213
96 19661
96 16799
96 45217
96 49800
96 28535
96 43528
96 22752
96 12292
96 10079
96 39740
96 49895
96 41602
96 40701
96 5634
96 3408
96 19373
96 2700
96 1848
96 42314
96 28807
96 22022
96 6170
96 44977
96 44829
96 26208
97 7433
97 30380
97 34028
97 47988
97 5211
97 34301
97 23849
97 10935
97 33882
97 20902
97 22452
97 43341
97 7804
97 19829
97 29039
97 34705
97 21311
97 46630
97 10128
97 35067
97 44541
97 24167
97 48085
97 17488
97 15749
97 39897
97 15136
97 3008
97 5142
97 14302
97 20622
97 18117
98 47904
98 4929
98 34021
98 31348
98 7033
98 11907
98 12194
98 10713
98 33067
98 33648
98 45741
98 21782
98 28930
98 8208
98 31751
98 42690
98 32662
98 22963
98 5296
98 58
98 29073
98 5063
98 41435
98 11334
98 39691
98 49763
98 46207
98 44398
98 9802
98 21863
98 41027
98 1576
99 33728
99 30627
99 47507
99 6299
99 4895
99 16474
99 17178
99 15208
99 49957
99 47636
99 20954
99 33603
99 40804
99 24374
99 14033
99 27330
99 34846
99 9373
99 2491
99 25721
99 49884
99 1970
99 11154
99 19800
99 28387
99 18933
99 39231
99 36911
99 17977
99 29898
99 39829
99 29715
