0 138
0 70
0 50
0 98
0 93
0 87
0 113
0 17
0 37
0 137
0 120
0 76
0 104
0 71
0 47
0 134
0 118
0 96
0 140
0 81
0 83
0 27
0 148
0 40
0 135
0 92
0 125
0 78
0 12
0 111
0 121
0 56
1 257
1 247
1 251
1 260
1 249
1 270
1 254
1 194
1 265
1 161
1 259
1 213
1 215
1 274
1 237
1 291
1 228
1 227
1 276
1 221
1 240
1 282
1 162
1 163
1 195
1 208
1 266
1 261
1 284
1 235
1 180
1 234
2 305
2 315
2 317
2 398
2 415
2 437
2 442
2 418
2 396
2 433
2 409
2 346
2 365
2 311
2 340
2 377
2 405
2 447
2 421
2 343
2 389
2 345
2 336
2 301
2 304
2 388
2 413
2 424
2 333
2 300
2 422
2 349
3 506
3 505
3 462
3 482
3 535
3 533
3 526
3 576
3 530
3 457
3 458
3 508
3 499
3 540
3 523
3 591
3 538
3 466
3 566
3 524
3 465
3 539
3 521
3 583
3 522
3 463
3 558
3 450
3 527
3 454
3 479
3 574
4 621
4 717
4 695
4 600
4 618
4 730
4 647
4 611
4 660
4 643
4 652
4 637
4 615
4 725
4 633
4 719
4 702
4 613
4 697
4 626
4 746
4 612
4 664
4 684
4 739
4 607
4 693
4 742
4 704
4 706
4 699
4 654
5 757
5 883
5 794
5 877
5 834
5 782
5 847
5 894
5 835
5 853
5 819
5 764
5 892
5 862
5 875
5 769
5 830
5 809
5 855
5 897
5 774
5 754
5 891
5 805
5 789
5 852
5 867
5 885
5 779
5 896
5 766
5 874
6 963
6 1042
6 970
6 940
6 932
6 928
6 979
6 1018
6 1049
6 907
6 1007
6 1030
6 995
6 984
6 996
6 906
6 1044
6 1033
6 982
6 916
6 1000
6 981
6 960
6 972
6 1036
6 926
6 952
6 1026
6 925
6 1006
6 933
6 935
7 1178
7 1168
7 1164
7 1159
7 1144
7 1102
7 1167
7 1138
7 1070
7 1145
7 1189
7 1107
7 1172
7 1114
7 1099
7 1066
7 1192
7 1175
7 1094
7 1187
7 1080
7 1179
7 1126
7 1088
7 1111
7 1121
7 1182
7 1071
7 1105
7 1197
7 1162
7 1148
8 1346
8 1335
8 1317
8 1340
8 1285
8 1204
8 1292
8 1313
8 1232
8 1275
8 1268
8 1212
8 1224
8 1301
8 1284
8 1271
8 1291
8 1289
8 1244
8 1218
8 1297
8 1328
8 1267
8 1316
8 1312
8 1200
8 1203
8 1310
8 1330
8 1326
8 1311
8 1214
9 1390
9 1362
9 1391
9 1404
9 1497
9 1417
9 1469
9 1499
9 1407
9 1357
9 1376
9 1372
9 1455
9 1406
9 1379
9 1410
9 1352
9 1467
9 1446
9 1457
9 1394
9 1447
9 1468
9 1397
9 1432
9 1368
9 1403
9 1450
9 1383
9 1354
9 1454
9 1385
10 1500
10 1542
10 1642
10 1503
10 1575
10 1649
10 1549
10 1548
10 1533
10 1551
10 1505
10 1606
10 1517
10 1595
10 1580
10 1598
10 1636
10 1579
10 1618
10 1518
10 1628
10 1553
10 1531
10 1587
10 1578
10 1560
10 1622
10 1643
10 1526
10 1600
10 1599
10 1530
11 1766
11 1650
11 1677
11 1742
11 1708
11 1672
11 1657
11 1651
11 1706
11 1763
11 1769
11 1725
11 1712
11 1767
11 1730
11 1772
11 1691
11 1683
11 1739
11 1748
11 1697
11 1659
11 1788
11 1678
11 1667
11 1680
11 1717
11 1738
11 1669
11 1744
11 1745
11 1773
12 1906
12 1874
12 1904
12 1927
12 1870
12 1823
12 1924
12 1851
12 1901
12 1898
12 1931
12 1922
12 1808
12 1909
12 1917
12 1945
12 1914
12 1809
12 1889
12 1938
12 1855
12 1943
12 1876
12 1856
12 1900
12 1882
12 1840
12 1862
12 1890
12 1805
12 1919
12 1828
13 2056
13 1970
13 2033
13 1959
13 1995
13 1994
13 1952
13 2078
13 2082
13 2047
13 2036
13 2061
13 2003
13 1957
13 1978
13 2085
13 1987
13 1983
13 2022
13 2037
13 2095
13 2071
13 2013
13 2034
13 1968
13 2067
13 1980
13 2083
13 1988
13 2096
13 1981
13 2055
14 2245
14 2198
14 2200
14 2148
14 2173
14 2244
14 2222
14 2109
14 2160
14 2115
14 2162
14 2193
14 2149
14 2110
14 2233
14 2156
14 2116
14 2210
14 2118
14 2152
14 2234
14 2168
14 2150
14 2102
14 2240
14 2239
14 2132
14 2249
14 2177
14 2226
14 2224
14 2174
15 2291
15 2385
15 2353
15 2328
15 2365
15 2337
15 2305
15 2296
15 2259
15 2324
15 2396
15 2341
15 2389
15 2390
15 2289
15 2271
15 2257
15 2281
15 2284
15 2304
15 2387
15 2342
15 2270
15 2397
15 2325
15 2272
15 2343
15 2326
15 2282
15 2363
15 2349
15 2286
16 2482
16 2484
16 2491
16 2451
16 2403
16 2463
16 2547
16 2443
16 2448
16 2427
16 2545
16 2515
16 2540
16 2410
16 2456
16 2544
16 2405
16 2422
16 2500
16 2525
16 2535
16 2439
16 2520
16 2402
16 2480
16 2489
16 2457
16 2428
16 2531
16 2542
16 2437
16 2466
17 2611
17 2616
17 2649
17 2635
17 2556
17 2612
17 2693
17 2608
17 2655
17 2605
17 2566
17 2696
17 2592
17 2699
17 2579
17 2648
17 2631
17 2624
17 2667
17 2552
17 2582
17 2604
17 2551
17 2617
17 2641
17 2682
17 2593
17 2630
17 2564
17 2588
17 2664
17 2668
18 2773
18 2752
18 2710
18 2827
18 2832
18 2702
18 2814
18 2811
18 2786
18 2723
18 2750
18 2818
18 2845
18 2718
18 2701
18 2807
18 2748
18 2783
18 2717
18 2835
18 2733
18 2779
18 2794
18 2755
18 2760
18 2796
18 2810
18 2782
18 2836
18 2763
18 2802
18 2824
19 2921
19 2855
19 2950
19 2965
19 2966
19 2945
19 2988
19 2899
19 2919
19 2897
19 2913
19 2934
19 2886
19 2974
19 2866
19 2960
19 2905
19 2955
19 2997
19 2902
19 2872
19 2925
19 2986
19 2881
19 2885
19 2871
19 2924
19 2882
19 2995
19 2936
19 2878
19 2968
20 3033
20 3026
20 3118
20 3142
20 3054
20 3045
20 3019
20 3081
20 3106
20 3049
20 3071
20 3096
20 3047
20 3119
20 3127
20 3068
20 3066
20 3067
20 3130
20 3060
20 3065
20 3057
20 3123
20 3034
20 3024
20 3085
20 3083
20 3111
20 3061
20 3041
20 3012
20 3040
21 3261
21 3299
21 3242
21 3274
21 3190
21 3171
21 3173
21 3249
21 3273
21 3259
21 3257
21 3247
21 3166
21 3211
21 3188
21 3290
21 3295
21 3292
21 3263
21 3258
21 3256
21 3269
21 3152
21 3234
21 3227
21 3270
21 3297
21 3248
21 3175
21 3161
21 3156
21 3212
22 3319
22 3378
22 3389
22 3448
22 3352
22 3345
22 3370
22 3344
22 3426
22 3325
22 3353
22 3438
22 3328
22 3331
22 3371
22 3329
22 3334
22 3366
22 3433
22 3446
22 3307
22 3403
22 3435
22 3316
22 3304
22 3373
22 3427
22 3362
22 3338
22 3361
22 3336
22 3431
23 3462
23 3565
23 3556
23 3468
23 3561
23 3511
23 3463
23 3492
23 3513
23 3497
23 3476
23 3510
23 3595
23 3591
23 3545
23 3500
23 3570
23 3594
23 3509
23 3475
23 3469
23 3515
23 3459
23 3472
23 3454
23 3508
23 3519
23 3536
23 3571
23 3523
23 3494
23 3451
24 3673
24 3659
24 3609
24 3690
24 3726
24 3705
24 3603
24 3655
24 3693
24 3639
24 3721
24 3645
24 3710
24 3622
24 3643
24 3720
24 3610
24 3632
24 3732
24 3749
24 3630
24 3722
24 3671
24 3686
24 3704
24 3627
24 3666
24 3646
24 3617
24 3647
24 3626
24 3662
25 3844
25 3763
25 3888
25 3875
25 3839
25 3833
25 3788
25 3759
25 3832
25 3794
25 3893
25 3854
25 3787
25 3859
25 3769
25 3851
25 3812
25 3813
25 3790
25 3834
25 3815
25 3804
25 3764
25 3895
25 3808
25 3849
25 3762
25 3772
25 3786
25 3809
25 3774
25 3789
26 3954
26 4010
26 4046
26 4020
26 4029
26 3902
26 4005
26 3945
26 4025
26 3999
26 3915
26 3990
26 3992
26 3976
26 3948
26 3980
26 3950
26 3982
26 3994
26 3966
26 4026
26 3925
26 4003
26 4008
26 4035
26 3993
26 4032
26 3926
26 4030
26 3917
26 4042
26 3981
27 4168
27 4196
27 4087
27 4176
27 4181
27 4110
27 4131
27 4064
27 4062
27 4120
27 4071
27 4065
27 4162
27 4127
27 4141
27 4175
27 4161
27 4192
27 4198
27 4124
27 4102
27 4109
27 4132
27 4137
27 4091
27 4094
27 4147
27 4183
27 4083
27 4134
27 4123
27 4104
28 4322
28 4247
28 4306
28 4235
28 4347
28 4250
28 4293
28 4335
28 4212
28 4214
28 4216
28 4291
28 4267
28 4223
28 4257
28 4258
28 4262
28 4233
28 4296
28 4305
28 4344
28 4320
28 4317
28 4239
28 4264
28 4319
28 4297
28 4249
28 4213
28 4207
28 4263
28 4343
29 4376
29 4435
29 4415
29 4499
29 4402
29 4477
29 4416
29 4436
29 4492
29 4398
29 4412
29 4453
29 4456
29 4482
29 4414
29 4379
29 4391
29 4469
29 4448
29 4400
29 4491
29 4462
29 4494
29 4365
29 4350
29 4411
29 4362
29 4403
29 4401
29 4390
29 4451
29 4373
30 4560
30 4529
30 4514
30 4539
30 4546
30 4619
30 4559
30 4620
30 4577
30 4626
30 4589
30 4530
30 4552
30 4545
30 4609
30 4533
30 4580
30 4507
30 4534
30 4618
30 4628
30 4630
30 4502
30 4631
30 4641
30 4614
30 4576
30 4525
30 4623
30 4574
30 4643
30 4627
31 4717
31 4699
31 4711
31 4754
31 4753
31 4710
31 4720
31 4792
31 4708
31 4741
31 4661
31 4683
31 4691
31 4704
31 4762
31 4664
31 4672
31 4778
31 4681
31 4775
31 4652
31 4755
31 4735
31 4738
31 4686
31 4743
31 4774
31 4692
31 4676
31 4668
31 4650
31 4777
32 4900
32 4941
32 4928
32 4865
32 4913
32 4873
32 4831
32 4817
32 4887
32 4848
32 4904
32 4815
32 4869
32 4862
32 4879
32 4901
32 4837
32 4866
32 4881
32 4880
32 4891
32 4867
32 4864
32 4828
32 4816
32 4921
32 4886
32 4892
32 4807
32 4840
32 4897
32 4878
33 5063
33 5064
33 5078
33 5060
33 4979
33 5010
33 4970
33 4981
33 5031
33 5001
33 5040
33 4997
33 5085
33 5076
33 5004
33 5059
33 4963
33 5079
33 4978
33 5003
33 5039
33 5070
33 5042
33 5026
33 5067
33 5043
33 4955
33 5075
33 5086
33 4991
33 5068
33 4959
34 5170
34 5200
34 5183
34 5201
34 5198
34 5207
34 5193
34 5206
34 5236
34 5148
34 5118
34 5185
34 5199
34 5235
34 5232
34 5139
34 5131
34 5222
34 5124
34 5238
34 5164
34 5208
34 5111
34 5168
34 5180
34 5129
34 5160
34 5226
34 5117
34 5135
34 5184
34 5212
35 5382
35 5269
35 5252
35 5396
35 5259
35 5254
35 5279
35 5351
35 5256
35 5375
35 5319
35 5340
35 5380
35 5272
35 5266
35 5260
35 5298
35 5316
35 5343
35 5314
35 5342
35 5355
35 5290
35 5321
35 5280
35 5394
35 5325
35 5359
35 5390
35 5392
35 5387
35 5265
36 5468
36 5506
36 5523
36 5516
36 5445
36 5535
36 5481
36 5508
36 5463
36 5522
36 5440
36 5442
36 5497
36 5417
36 5403
36 5537
36 5413
36 5533
36 5471
36 5512
36 5455
36 5444
36 5482
36 5446
36 5492
36 5539
36 5470
36 5503
36 5473
36 5427
36 5456
36 5517
37 5624
37 5684
37 5661
37 5643
37 5584
37 5660
37 5683
37 5552
37 5691
37 5602
37 5635
37 5641
37 5567
37 5626
37 5616
37 5571
37 5617
37 5636
37 5558
37 5627
37 5579
37 5598
37 5682
37 5578
37 5653
37 5659
37 5696
37 5688
37 5608
37 5576
37 5611
37 5603
38 5794
38 5807
38 5796
38 5771
38 5806
38 5727
38 5710
38 5752
38 5775
38 5783
38 5754
38 5714
38 5804
38 5816
38 5735
38 5762
38 5819
38 5707
38 5832
38 5792
38 5704
38 5763
38 5823
38 5829
38 5764
38 5780
38 5820
38 5834
38 5702
38 5825
38 5706
38 5756
39 5879
39 5996
39 5918
39 5944
39 5880
39 5903
39 5931
39 5915
39 5979
39 5897
39 5928
39 5969
39 5984
39 5881
39 5950
39 5907
39 5999
39 5914
39 5872
39 5904
39 5856
39 5869
39 5923
39 5933
39 5866
39 5991
39 5990
39 5963
39 5967
39 5885
39 5972
39 5851
40 6131
40 6140
40 6057
40 6092
40 6034
40 6093
40 6109
40 6050
40 6125
40 6009
40 6074
40 6113
40 6043
40 6121
40 6087
40 6100
40 6045
40 6076
40 6006
40 6090
40 6000
40 6035
40 6029
40 6080
40 6086
40 6063
40 6144
40 6136
40 6044
40 6079
40 6133
40 6048
41 6270
41 6154
41 6277
41 6266
41 6219
41 6178
41 6241
41 6251
41 6211
41 6235
41 6183
41 6269
41 6193
41 6260
41 6222
41 6298
41 6261
41 6295
41 6164
41 6272
41 6206
41 6229
41 6265
41 6203
41 6247
41 6180
41 6242
41 6209
41 6196
41 6186
41 6283
41 6160
42 6391
42 6411
42 6352
42 6317
42 6432
42 6435
42 6383
42 6375
42 6434
42 6309
42 6314
42 6395
42 6364
42 6355
42 6405
42 6322
42 6325
42 6408
42 6360
42 6354
42 6409
42 6346
42 6415
42 6412
42 6328
42 6356
42 6392
42 6384
42 6402
42 6306
42 6308
42 6416
43 6576
43 6530
43 6544
43 6512
43 6546
43 6513
43 6556
43 6509
43 6452
43 6470
43 6542
43 6490
43 6482
43 6465
43 6538
43 6520
43 6568
43 6481
43 6566
43 6511
43 6459
43 6491
43 6461
43 6567
43 6579
43 6463
43 6472
43 6537
43 6591
43 6550
43 6466
43 6580
44 6609
44 6748
44 6614
44 6608
44 6692
44 6634
44 6679
44 6604
44 6689
44 6726
44 6649
44 6606
44 6620
44 6728
44 6630
44 6688
44 6641
44 6657
44 6718
44 6653
44 6705
44 6690
44 6686
44 6719
44 6695
44 6669
44 6662
44 6655
44 6627
44 6704
44 6730
44 6646
45 6844
45 6852
45 6867
45 6796
45 6893
45 6769
45 6854
45 6784
45 6809
45 6857
45 6853
45 6843
45 6845
45 6812
45 6866
45 6880
45 6752
45 6888
45 6770
45 6889
45 6868
45 6761
45 6874
45 6791
45 6794
45 6802
45 6838
45 6785
45 6798
45 6881
45 6797
45 6767
46 6944
46 6981
46 6930
46 7034
46 7012
46 6965
46 6923
46 7023
46 6903
46 7021
46 6920
46 7039
46 6914
46 6973
46 7029
46 7004
46 6912
46 7032
46 6968
46 7026
46 6942
46 7035
46 6933
46 6995
46 7022
46 6961
46 6902
46 6918
46 6969
46 7031
46 7007
46 7040
47 7120
47 7191
47 7195
47 7058
47 7144
47 7061
47 7085
47 7140
47 7180
47 7112
47 7181
47 7055
47 7083
47 7077
47 7087
47 7132
47 7097
47 7129
47 7108
47 7063
47 7053
47 7150
47 7060
47 7169
47 7101
47 7163
47 7126
47 7094
47 7114
47 7076
47 7187
47 7072
48 7335
48 7327
48 7262
48 7223
48 7253
48 7264
48 7269
48 7235
48 7221
48 7250
48 7232
48 7212
48 7288
48 7278
48 7254
48 7210
48 7341
48 7345
48 7217
48 7324
48 7248
48 7315
48 7321
48 7337
48 7304
48 7306
48 7314
48 7289
48 7218
48 7272
48 7240
48 7281
49 7447
49 7466
49 7352
49 7437
49 7415
49 7488
49 7427
49 7408
49 7384
49 7467
49 7425
49 7463
49 7490
49 7418
49 7429
49 7477
49 7493
49 7361
49 7484
49 7362
49 7457
49 7464
49 7376
49 7406
49 7372
49 7444
49 7438
49 7478
49 7413
49 7428
49 7420
49 7479
50 7558
50 7581
50 7548
50 7523
50 7601
50 7569
50 7635
50 7567
50 7597
50 7519
50 7556
50 7516
50 7628
50 7503
50 7527
50 7605
50 7536
50 7641
50 7529
50 7609
50 7633
50 7580
50 7592
50 7502
50 7645
50 7589
50 7640
50 7506
50 7613
50 7574
50 7585
50 7526
51 7683
51 7762
51 7768
51 7784
51 7653
51 7701
51 7751
51 7744
51 7763
51 7687
51 7742
51 7729
51 7699
51 7703
51 7713
51 7741
51 7796
51 7671
51 7686
51 7765
51 7731
51 7672
51 7753
51 7712
51 7677
51 7650
51 7756
51 7656
51 7711
51 7785
51 7702
51 7767
52 7848
52 7892
52 7823
52 7812
52 7868
52 7867
52 7935
52 7933
52 7849
52 7929
52 7869
52 7850
52 7852
52 7841
52 7889
52 7860
52 7829
52 7927
52 7846
52 7911
52 7878
52 7898
52 7830
52 7938
52 7899
52 7804
52 7895
52 7885
52 7919
52 7805
52 7902
52 7949
53 7980
53 7978
53 8097
53 8074
53 8039
53 8052
53 8042
53 8017
53 8014
53 8005
53 8009
53 8099
53 8027
53 8094
53 7950
53 8032
53 8037
53 8028
53 7972
53 7997
53 8083
53 7964
53 7977
53 8018
53 7985
53 7960
53 8040
53 8035
53 7989
53 8016
53 7956
53 7990
54 8121
54 8191
54 8194
54 8140
54 8168
54 8175
54 8104
54 8184
54 8107
54 8174
54 8164
54 8131
54 8217
54 8117
54 8243
54 8146
54 8236
54 8160
54 8244
54 8102
54 8239
54 8199
54 8112
54 8246
54 8124
54 8142
54 8186
54 8161
54 8188
54 8120
54 8197
54 8200
55 8393
55 8332
55 8288
55 8283
55 8314
55 8398
55 8335
55 8376
55 8372
55 8384
55 8318
55 8338
55 8368
55 8315
55 8359
55 8387
55 8291
55 8312
55 8295
55 8275
55 8292
55 8363
55 8356
55 8329
55 8330
55 8303
55 8352
55 8257
55 8336
55 8388
55 8316
55 8256
56 8410
56 8538
56 8446
56 8433
56 8479
56 8531
56 8498
56 8435
56 8405
56 8450
56 8464
56 8528
56 8497
56 8444
56 8415
56 8482
56 8420
56 8502
56 8408
56 8436
56 8478
56 8454
56 8493
56 8526
56 8525
56 8486
56 8536
56 8488
56 8501
56 8425
56 8428
56 8457
57 8598
57 8602
57 8584
57 8655
57 8559
57 8663
57 8695
57 8568
57 8674
57 8659
57 8601
57 8562
57 8675
57 8676
57 8600
57 8624
57 8586
57 8640
57 8688
57 8634
57 8589
57 8649
57 8653
57 8564
57 8685
57 8667
57 8565
57 8645
57 8613
57 8652
57 8563
57 8583
58 8829
58 8710
58 8709
58 8821
58 8766
58 8771
58 8745
58 8804
58 8814
58 8778
58 8746
58 8750
58 8839
58 8793
58 8774
58 8703
58 8847
58 8756
58 8726
58 8820
58 8781
58 8713
58 8836
58 8824
58 8791
58 8797
58 8743
58 8843
58 8761
58 8749
58 8777
58 8790
59 8933
59 8890
59 8982
59 8981
59 8962
59 8861
59 8986
59 8952
59 8928
59 8980
59 8850
59 8927
59 8889
59 8995
59 8870
59 8942
59 8908
59 8918
59 8858
59 8857
59 8863
59 8977
59 8994
59 8974
59 8938
59 8961
59 8953
59 8855
59 8887
59 8972
59 8990
59 8898
60 9034
60 9048
60 9077
60 9082
60 9083
60 9096
60 9012
60 9051
60 9110
60 9068
60 9007
60 9006
60 9013
60 9144
60 9092
60 9004
60 9149
60 9040
60 9093
60 9039
60 9019
60 9059
60 9079
60 9066
60 9072
60 9044
60 9063
60 9020
60 9094
60 9014
60 9037
60 9078
61 9253
61 9233
61 9168
61 9266
61 9271
61 9295
61 9178
61 9159
61 9229
61 9284
61 9245
61 9299
61 9197
61 9155
61 9276
61 9225
61 9164
61 9239
61 9173
61 9270
61 9212
61 9201
61 9153
61 9211
61 9268
61 9165
61 9280
61 9257
61 9230
61 9171
61 9179
61 9170
62 9343
62 9390
62 9378
62 9438
62 9315
62 9314
62 9436
62 9449
62 9448
62 9357
62 9433
62 9427
62 9347
62 9335
62 9382
62 9409
62 9399
62 9339
62 9447
62 9402
62 9446
62 9338
62 9327
62 9349
62 9366
62 9365
62 9342
62 9395
62 9304
62 9375
62 9358
62 9424
63 9575
63 9568
63 9589
63 9582
63 9570
63 9511
63 9457
63 9465
63 9505
63 9595
63 9569
63 9596
63 9466
63 9597
63 9549
63 9478
63 9491
63 9577
63 9507
63 9590
63 9563
63 9488
63 9560
63 9496
63 9598
63 9502
63 9527
63 9492
63 9533
63 9585
63 9485
63 9458
64 9622
64 9604
64 9657
64 9601
64 9719
64 9649
64 9684
64 9741
64 9723
64 9736
64 9709
64 9668
64 9641
64 9714
64 9746
64 9721
64 9716
64 9726
64 9730
64 9725
64 9659
64 9685
64 9724
64 9603
64 9722
64 9627
64 9683
64 9615
64 9636
64 9628
64 9655
64 9602
65 9826
65 9804
65 9873
65 9776
65 9786
65 9896
65 9809
65 9768
65 9782
65 9763
65 9806
65 9843
65 9801
65 9875
65 9816
65 9856
65 9813
65 9858
65 9765
65 9753
65 9864
65 9866
65 9846
65 9805
65 9817
65 9750
65 9810
65 9788
65 9881
65 9835
65 9899
65 9791
66 9925
66 10030
66 9920
66 10027
66 10019
66 10010
66 9963
66 10025
66 9961
66 10032
66 9914
66 10028
66 9908
66 10001
66 9967
66 10021
66 9910
66 9904
66 10020
66 9941
66 9955
66 9917
66 10024
66 9979
66 10011
66 9950
66 9993
66 9921
66 9951
66 9986
66 9975
66 10046
67 10110
67 10149
67 10150
67 10181
67 10111
67 10137
67 10108
67 10180
67 10129
67 10078
67 10155
67 10099
67 10152
67 10191
67 10095
67 10159
67 10198
67 10116
67 10163
67 10131
67 10122
67 10197
67 10079
67 10140
67 10130
67 10069
67 10076
67 10058
67 10161
67 10102
67 10167
67 10097
68 10200
68 10218
68 10219
68 10285
68 10282
68 10336
68 10331
68 10235
68 10230
68 10252
68 10325
68 10262
68 10237
68 10203
68 10333
68 10217
68 10250
68 10304
68 10220
68 10317
68 10270
68 10301
68 10289
68 10293
68 10226
68 10305
68 10326
68 10302
68 10204
68 10239
68 10216
68 10290
69 10420
69 10441
69 10403
69 10428
69 10458
69 10439
69 10446
69 10404
69 10370
69 10395
69 10447
69 10479
69 10414
69 10481
69 10367
69 10484
69 10454
69 10392
69 10358
69 10451
69 10498
69 10356
69 10399
69 10363
69 10350
69 10473
69 10457
69 10491
69 10483
69 10378
69 10389
69 10372
70 10552
70 10611
70 10588
70 10609
70 10564
70 10512
70 10624
70 10500
70 10623
70 10632
70 10555
70 10618
70 10627
70 10520
70 10539
70 10533
70 10507
70 10638
70 10617
70 10504
70 10547
70 10551
70 10556
70 10603
70 10560
70 10530
70 10501
70 10561
70 10529
70 10637
70 10574
70 10546
71 10671
71 10731
71 10736
71 10705
71 10672
71 10733
71 10704
71 10764
71 10714
71 10690
71 10700
71 10768
71 10774
71 10665
71 10779
71 10727
71 10758
71 10748
71 10695
71 10740
71 10773
71 10749
71 10799
71 10701
71 10755
71 10668
71 10720
71 10659
71 10682
71 10707
71 10650
71 10673
72 10809
72 10874
72 10842
72 10839
72 10919
72 10840
72 10917
72 10847
72 10823
72 10907
72 10862
72 10860
72 10929
72 10888
72 10831
72 10845
72 10800
72 10826
72 10844
72 10836
72 10911
72 10808
72 10925
72 10876
72 10889
72 10933
72 10936
72 10908
72 10859
72 10816
72 10920
72 10887
73 11025
73 11065
73 10990
73 10994
73 11083
73 11096
73 11022
73 10964
73 10993
73 11013
73 10967
73 11098
73 10961
73 10968
73 11070
73 11027
73 10978
73 10979
73 10983
73 10953
73 10952
73 11054
73 10996
73 11049
73 10965
73 11040
73 11068
73 11004
73 11006
73 11069
73 11092
73 10958
74 11218
74 11119
74 11146
74 11208
74 11141
74 11145
74 11105
74 11239
74 11204
74 11171
74 11143
74 11177
74 11212
74 11162
74 11217
74 11232
74 11200
74 11247
74 11185
74 11120
74 11192
74 11226
74 11122
74 11132
74 11189
74 11223
74 11103
74 11216
74 11108
74 11178
74 11138
74 11194
75 11356
75 11360
75 11264
75 11308
75 11347
75 11334
75 11332
75 11311
75 11326
75 11338
75 11302
75 11275
75 11336
75 11265
75 11368
75 11297
75 11272
75 11331
75 11381
75 11270
75 11396
75 11384
75 11287
75 11276
75 11294
75 11343
75 11391
75 11321
75 11305
75 11399
75 11323
75 11398
76 11496
76 11436
76 11489
76 11428
76 11410
76 11422
76 11495
76 11523
76 11452
76 11482
76 11541
76 11416
76 11401
76 11425
76 11507
76 11449
76 11531
76 11440
76 11549
76 11494
76 11433
76 11455
76 11461
76 11460
76 11400
76 11413
76 11477
76 11424
76 11426
76 11543
76 11546
76 11423
77 11594
77 11678
77 11610
77 11601
77 11697
77 11672
77 11691
77 11611
77 11680
77 11694
77 11689
77 11564
77 11585
77 11579
77 11674
77 11675
77 11616
77 11586
77 11668
77 11670
77 11686
77 11614
77 11591
77 11599
77 11567
77 11667
77 11553
77 11592
77 11665
77 11626
77 11627
77 11595
78 11811
78 11748
78 11825
78 11765
78 11727
78 11791
78 11756
78 11764
78 11828
78 11808
78 11718
78 11749
78 11737
78 11703
78 11814
78 11725
78 11712
78 11752
78 11796
78 11747
78 11778
78 11714
78 11716
78 11848
78 11795
78 11769
78 11711
78 11799
78 11704
78 11786
78 11844
78 11810
79 11890
79 11905
79 11922
79 11924
79 11955
79 11888
79 11921
79 11942
79 11860
79 11956
79 11939
79 11982
79 11986
79 11960
79 11895
79 11979
79 11975
79 11923
79 11967
79 11966
79 11894
79 11993
79 11906
79 11869
79 11950
79 11913
79 11969
79 11876
79 11911
79 11944
79 11965
79 11866
80 12069
80 12090
80 12034
80 12125
80 12020
80 12056
80 12130
80 12033
80 12101
80 12035
80 12043
80 12006
80 12060
80 12132
80 12007
80 12146
80 12061
80 12044
80 12067
80 12046
80 12000
80 12027
80 12053
80 12134
80 12065
80 12079
80 12085
80 12002
80 12077
80 12113
80 12024
80 12021
81 12174
81 12172
81 12226
81 12152
81 12242
81 12167
81 12288
81 12155
81 12294
81 12261
81 12236
81 12205
81 12182
81 12159
81 12247
81 12224
81 12163
81 12298
81 12281
81 12151
81 12154
81 12276
81 12193
81 12255
81 12285
81 12252
81 12194
81 12264
81 12233
81 12204
81 12275
81 12240
82 12350
82 12413
82 12302
82 12352
82 12342
82 12329
82 12330
82 12339
82 12322
82 12403
82 12369
82 12331
82 12303
82 12310
82 12447
82 12353
82 12317
82 12349
82 12308
82 12360
82 12391
82 12335
82 12344
82 12430
82 12414
82 12395
82 12328
82 12433
82 12325
82 12434
82 12324
82 12427
83 12498
83 12470
83 12530
83 12484
83 12456
83 12584
83 12525
83 12547
83 12521
83 12590
83 12490
83 12519
83 12507
83 12464
83 12579
83 12483
83 12594
83 12463
83 12574
83 12532
83 12588
83 12457
83 12538
83 12522
83 12540
83 12506
83 12537
83 12528
83 12487
83 12462
83 12479
83 12482
84 12706
84 12641
84 12712
84 12649
84 12709
84 12667
84 12722
84 12659
84 12748
84 12681
84 12637
84 12727
84 12622
84 12616
84 12662
84 12602
84 12729
84 12638
84 12621
84 12657
84 12601
84 12635
84 12615
84 12656
84 12650
84 12603
84 12644
84 12690
84 12684
84 12719
84 12653
84 12631
85 12757
85 12836
85 12871
85 12811
85 12799
85 12844
85 12838
85 12833
85 12762
85 12835
85 12821
85 12754
85 12786
85 12751
85 12830
85 12805
85 12778
85 12824
85 12793
85 12820
85 12773
85 12852
85 12768
85 12842
85 12887
85 12809
85 12829
85 12863
85 12860
85 12807
85 12883
85 12767
86 12989
86 13031
86 12923
86 12945
86 12953
86 12912
86 12974
86 13048
86 13049
86 12943
86 13018
86 12924
86 12906
86 12969
86 13004
86 12983
86 12966
86 12999
86 12908
86 12918
86 13027
86 12949
86 13038
86 12959
86 13041
86 12938
86 13045
86 12964
86 12907
86 13007
86 12977
86 12997
87 13050
87 13143
87 13102
87 13089
87 13133
87 13080
87 13085
87 13153
87 13087
87 13101
87 13179
87 13184
87 13152
87 13072
87 13121
87 13149
87 13077
87 13067
87 13054
87 13148
87 13081
87 13196
87 13130
87 13141
87 13145
87 13169
87 13119
87 13079
87 13084
87 13098
87 13057
87 13140
88 13214
88 13310
88 13202
88 13221
88 13239
88 13220
88 13298
88 13291
88 13226
88 13259
88 13249
88 13293
88 13342
88 13271
88 13266
88 13257
88 13345
88 13201
88 13232
88 13224
88 13213
88 13307
88 13321
88 13288
88 13318
88 13205
88 13301
88 13250
88 13306
88 13207
88 13343
88 13296
89 13497
89 13377
89 13456
89 13491
89 13473
89 13489
89 13462
89 13466
89 13364
89 13436
89 13354
89 13403
89 13467
89 13382
89 13368
89 13406
89 13402
89 13412
89 13427
89 13386
89 13492
89 13446
89 13362
89 13487
89 13479
89 13396
89 13457
89 13358
89 13385
89 13445
89 13411
89 13369
90 13527
90 13616
90 13634
90 13589
90 13619
90 13518
90 13560
90 13592
90 13605
90 13504
90 13583
90 13513
90 13553
90 13543
90 13626
90 13630
90 13535
90 13511
90 13536
90 13614
90 13569
90 13645
90 13638
90 13632
90 13510
90 13601
90 13526
90 13530
90 13579
90 13641
90 13629
90 13563
91 13680
91 13710
91 13741
91 13754
91 13791
91 13667
91 13659
91 13798
91 13652
91 13727
91 13722
91 13775
91 13785
91 13797
91 13716
91 13691
91 13700
91 13718
91 13780
91 13685
91 13769
91 13671
91 13763
91 13742
91 13677
91 13714
91 13761
91 13681
91 13682
91 13762
91 13773
91 13795
92 13892
92 13888
92 13826
92 13810
92 13800
92 13910
92 13847
92 13922
92 13809
92 13863
92 13941
92 13903
92 13804
92 13893
92 13869
92 13849
92 13889
92 13867
92 13902
92 13887
92 13947
92 13918
92 13861
92 13862
92 13890
92 13899
92 13835
92 13811
92 13859
92 13831
92 13919
92 13840
93 14076
93 14051
93 14090
93 14023
93 14065
93 14018
93 13993
93 14094
93 14038
93 13999
93 14086
93 14008
93 14058
93 13972
93 13994
93 14044
93 13962
93 14030
93 14047
93 13990
93 14079
93 14085
93 14004
93 13958
93 14010
93 13967
93 14002
93 13952
93 14026
93 14015
93 14053
93 14009
94 14123
94 14120
94 14159
94 14223
94 14239
94 14176
94 14173
94 14230
94 14214
94 14181
94 14213
94 14134
94 14140
94 14165
94 14198
94 14205
94 14139
94 14200
94 14135
94 14128
94 14228
94 14225
94 14116
94 14224
94 14145
94 14164
94 14115
94 14155
94 14118
94 14246
94 14196
94 14234
95 14257
95 14384
95 14351
95 14283
95 14371
95 14324
95 14364
95 14305
95 14310
95 14285
95 14261
95 14297
95 14287
95 14363
95 14349
95 14336
95 14369
95 14291
95 14354
95 14372
95 14273
95 14334
95 14337
95 14265
95 14268
95 14301
95 14303
95 14321
95 14306
95 14352
95 14251
95 14252
96 14477
96 14480
96 14445
96 14527
96 14460
96 14503
96 14467
96 14525
96 14491
96 14517
96 14453
96 14446
96 14407
96 14487
96 14476
96 14463
96 14418
96 14519
96 14508
96 14546
96 14404
96 14530
96 14498
96 14520
96 14478
96 14537
96 14416
96 14427
96 14533
96 14541
96 14450
96 14529
97 14627
97 14625
97 14568
97 14588
97 14623
97 14641
97 14555
97 14556
97 14557
97 14676
97 14561
97 14632
97 14572
97 14691
97 14650
97 14594
97 14606
97 14633
97 14622
97 14696
97 14684
97 14578
97 14664
97 14646
97 14692
97 14679
97 14553
97 14550
97 14635
97 14608
97 14662
97 14585
98 14748
98 14719
98 14718
98 14734
98 14725
98 14848
98 14796
98 14823
98 14723
98 14825
98 14764
98 14815
98 14811
98 14769
98 14806
98 14781
98 14716
98 14849
98 14803
98 14801
98 14790
98 14810
98 14720
98 14765
98 14740
98 14746
98 14816
98 14818
98 14727
98 14834
98 14735
98 14795
99 14901
99 14915
99 14878
99 14904
99 14945
99 14912
99 14944
99 14887
99 14932
99 14987
99 14943
99 14930
99 14920
99 14985
99 14894
99 14965
99 14881
99 14942
99 14897
99 14938
99 14891
99 14963
99 14895
99 14936
99 14880
99 14892
99 14907
99 14967
99 14982
99 14970
99 14899
99 14975
100 15011
100 15036
100 15081
100 15071
100 15031
100 15069
100 15027
100 15122
100 15082
100 15019
100 15110
100 15066
100 15121
100 15056
100 15119
100 15147
100 15060
100 15103
100 15017
100 15042
100 15114
100 15025
100 15131
100 15055
100 15046
100 15034
100 15076
100 15006
100 15097
100 15035
100 15068
100 15062
101 15157
101 15197
101 15296
101 15175
101 15293
101 15229
101 15225
101 15284
101 15203
101 15206
101 15272
101 15255
101 15180
101 15297
101 15294
101 15270
101 15159
101 15224
101 15178
101 15250
101 15205
101 15254
101 15179
101 15274
101 15253
101 15256
101 15212
101 15241
101 15176
101 15201
101 15268
101 15208
102 15410
102 15308
102 15304
102 15317
102 15406
102 15417
102 15309
102 15431
102 15439
102 15403
102 15362
102 15318
102 15379
102 15331
102 15411
102 15394
102 15305
102 15430
102 15446
102 15423
102 15398
102 15399
102 15385
102 15330
102 15388
102 15320
102 15416
102 15324
102 15380
102 15400
102 15335
102 15358
103 15504
103 15546
103 15579
103 15506
103 15533
103 15554
103 15589
103 15487
103 15494
103 15529
103 15521
103 15451
103 15563
103 15517
103 15496
103 15551
103 15547
103 15552
103 15508
103 15585
103 15535
103 15464
103 15509
103 15462
103 15528
103 15465
103 15457
103 15567
103 15458
103 15501
103 15591
103 15583
104 15671
104 15668
104 15691
104 15604
104 15733
104 15720
104 15711
104 15656
104 15605
104 15727
104 15714
104 15662
104 15618
104 15630
104 15702
104 15635
104 15625
104 15725
104 15682
104 15689
104 15712
104 15731
104 15721
104 15628
104 15620
104 15710
104 15640
104 15695
104 15741
104 15659
104 15652
104 15615
105 15801
105 15874
105 15769
105 15750
105 15804
105 15847
105 15783
105 15785
105 15855
105 15766
105 15884
105 15820
105 15780
105 15872
105 15768
105 15849
105 15843
105 15791
105 15809
105 15838
105 15840
105 15876
105 15862
105 15816
105 15871
105 15858
105 15806
105 15897
105 15885
105 15800
105 15879
105 15781
106 15977
106 15933
106 15938
106 15985
106 15991
106 15912
106 15906
106 15984
106 16035
106 15971
106 15963
106 15958
106 15998
106 15902
106 15937
106 15994
106 15995
106 15910
106 15950
106 15948
106 16023
106 15997
106 15903
106 16021
106 15987
106 15968
106 15942
106 15907
106 16022
106 16034
106 15959
106 15989
107 16163
107 16119
107 16089
107 16191
107 16113
107 16130
107 16100
107 16092
107 16198
107 16109
107 16085
107 16149
107 16063
107 16112
107 16158
107 16182
107 16159
107 16054
107 16127
107 16125
107 16169
107 16105
107 16185
107 16061
107 16094
107 16177
107 16118
107 16117
107 16084
107 16053
107 16141
107 16086
108 16280
108 16273
108 16317
108 16349
108 16326
108 16327
108 16311
108 16266
108 16258
108 16243
108 16274
108 16255
108 16241
108 16346
108 16287
108 16319
108 16262
108 16206
108 16296
108 16235
108 16240
108 16207
108 16208
108 16232
108 16288
108 16305
108 16336
108 16344
108 16324
108 16335
108 16223
108 16347
109 16449
109 16499
109 16387
109 16495
109 16415
109 16372
109 16430
109 16418
109 16373
109 16405
109 16378
109 16357
109 16423
109 16437
109 16403
109 16452
109 16465
109 16424
109 16407
109 16377
109 16435
109 16445
109 16391
109 16459
109 16365
109 16446
109 16404
109 16383
109 16382
109 16434
109 16440
109 16461
110 16600
110 16610
110 16533
110 16621
110 16596
110 16518
110 16575
110 16615
110 16535
110 16558
110 16544
110 16647
110 16635
110 16584
110 16611
110 16548
110 16557
110 16552
110 16542
110 16528
110 16588
110 16576
110 16501
110 16527
110 16531
110 16628
110 16606
110 16562
110 16637
110 16532
110 16601
110 16510
111 16778
111 16758
111 16696
111 16661
111 16652
111 16687
111 16798
111 16797
111 16744
111 16668
111 16714
111 16650
111 16768
111 16725
111 16671
111 16777
111 16726
111 16690
111 16672
111 16736
111 16763
111 16770
111 16660
111 16670
111 16707
111 16724
111 16767
111 16713
111 16709
111 16702
111 16704
111 16755
112 16848
112 16902
112 16893
112 16896
112 16906
112 16843
112 16912
112 16828
112 16913
112 16928
112 16890
112 16826
112 16827
112 16871
112 16852
112 16904
112 16840
112 16831
112 16926
112 16844
112 16812
112 16832
112 16834
112 16874
112 16824
112 16868
112 16803
112 16917
112 16865
112 16809
112 16878
112 16800
113 16957
113 16958
113 17059
113 16950
113 16979
113 17077
113 17061
113 16963
113 17022
113 17033
113 17050
113 17095
113 17017
113 16960
113 17074
113 16953
113 16989
113 17030
113 17070
113 17088
113 17018
113 17090
113 17004
113 17082
113 17036
113 17058
113 16974
113 16999
113 17094
113 16956
113 17096
113 17029
114 17190
114 17248
114 17155
114 17123
114 17176
114 17217
114 17205
114 17247
114 17130
114 17204
114 17184
114 17193
114 17128
114 17111
114 17135
114 17201
114 17220
114 17236
114 17240
114 17198
114 17164
114 17166
114 17105
114 17126
114 17157
114 17131
114 17150
114 17151
114 17226
114 17162
114 17235
114 17234
115 17305
115 17358
115 17384
115 17361
115 17317
115 17316
115 17353
115 17300
115 17368
115 17326
115 17328
115 17388
115 17287
115 17354
115 17397
115 17330
115 17391
115 17263
115 17365
115 17255
115 17389
115 17291
115 17383
115 17333
115 17258
115 17363
115 17340
115 17312
115 17288
115 17265
115 17357
115 17270
116 17545
116 17400
116 17531
116 17406
116 17539
116 17483
116 17504
116 17453
116 17498
116 17421
116 17510
116 17464
116 17548
116 17456
116 17446
116 17488
116 17540
116 17438
116 17443
116 17441
116 17433
116 17468
116 17511
116 17479
116 17517
116 17482
116 17484
116 17546
116 17533
116 17508
116 17486
116 17445
117 17688
117 17614
117 17563
117 17590
117 17569
117 17576
117 17662
117 17657
117 17586
117 17607
117 17581
117 17675
117 17638
117 17656
117 17621
117 17608
117 17697
117 17664
117 17587
117 17674
117 17554
117 17691
117 17687
117 17612
117 17619
117 17681
117 17649
117 17626
117 17690
117 17683
117 17616
117 17566
118 17703
118 17822
118 17751
118 17833
118 17718
118 17753
118 17754
118 17787
118 17734
118 17785
118 17700
118 17705
118 17827
118 17795
118 17721
118 17779
118 17720
118 17811
118 17812
118 17715
118 17803
118 17745
118 17742
118 17772
118 17704
118 17839
118 17714
118 17763
118 17840
118 17757
118 17769
118 17760
119 17956
119 17916
119 17865
119 17910
119 17888
119 17852
119 17864
119 17939
119 17912
119 17902
119 17967
119 17886
119 17966
119 17978
119 17901
119 17855
119 17909
119 17925
119 17884
119 17938
119 17914
119 17945
119 17918
119 17917
119 17981
119 17977
119 17952
119 17903
119 17948
119 17877
119 17969
119 17931
120 18057
120 18139
120 18036
120 18073
120 18056
120 18031
120 18144
120 18101
120 18052
120 18049
120 18063
120 18055
120 18059
120 18085
120 18067
120 18025
120 18068
120 18130
120 18058
120 18126
120 18106
120 18107
120 18040
120 18080
120 18084
120 18029
120 18135
120 18112
120 18088
120 18026
120 18038
120 18141
121 18236
121 18299
121 18205
121 18263
121 18269
121 18171
121 18230
121 18197
121 18254
121 18253
121 18203
121 18155
121 18172
121 18158
121 18272
121 18285
121 18237
121 18277
121 18271
121 18216
121 18153
121 18174
121 18217
121 18170
121 18156
121 18248
121 18204
121 18215
121 18165
121 18157
121 18193
121 18184
122 18314
122 18313
122 18439
122 18431
122 18338
122 18396
122 18426
122 18357
122 18369
122 18325
122 18394
122 18339
122 18401
122 18353
122 18446
122 18434
122 18441
122 18331
122 18405
122 18343
122 18350
122 18438
122 18315
122 18303
122 18300
122 18359
122 18301
122 18324
122 18430
122 18383
122 18319
122 18304
123 18480
123 18493
123 18461
123 18588
123 18563
123 18486
123 18517
123 18533
123 18463
123 18492
123 18484
123 18494
123 18558
123 18580
123 18470
123 18490
123 18500
123 18565
123 18454
123 18521
123 18597
123 18503
123 18456
123 18455
123 18513
123 18522
123 18502
123 18507
123 18467
123 18598
123 18537
123 18459
124 18711
124 18669
124 18644
124 18645
124 18738
124 18691
124 18708
124 18631
124 18600
124 18706
124 18686
124 18682
124 18625
124 18742
124 18730
124 18701
124 18666
124 18619
124 18641
124 18698
124 18662
124 18736
124 18648
124 18642
124 18748
124 18746
124 18728
124 18678
124 18681
124 18635
124 18633
124 18677
125 18760
125 18852
125 18870
125 18861
125 18889
125 18881
125 18789
125 18884
125 18799
125 18791
125 18898
125 18771
125 18833
125 18857
125 18802
125 18864
125 18839
125 18860
125 18793
125 18880
125 18865
125 18850
125 18874
125 18819
125 18792
125 18835
125 18763
125 18758
125 18815
125 18897
125 18786
125 18886
126 19039
126 18934
126 18918
126 19025
126 18952
126 18946
126 19023
126 19001
126 18942
126 19045
126 18936
126 18916
126 19013
126 18955
126 18997
126 18993
126 19017
126 18995
126 18975
126 18950
126 18984
126 18920
126 19029
126 18921
126 18949
126 18959
126 18911
126 18960
126 18983
126 19027
126 18932
126 18994
127 19148
127 19143
127 19090
127 19192
127 19054
127 19177
127 19079
127 19103
127 19182
127 19132
127 19091
127 19072
127 19077
127 19060
127 19126
127 19070
127 19172
127 19157
127 19097
127 19107
127 19135
127 19081
127 19174
127 19110
127 19118
127 19138
127 19057
127 19145
127 19092
127 19159
127 19197
127 19120
128 19254
128 19246
128 19269
128 19213
128 19335
128 19271
128 19215
128 19221
128 19226
128 19298
128 19224
128 19200
128 19223
128 19255
128 19243
128 19273
128 19322
128 19337
128 19314
128 19265
128 19341
128 19317
128 19260
128 19229
128 19339
128 19334
128 19237
128 19290
128 19294
128 19320
128 19249
128 19321
129 19495
129 19391
129 19434
129 19428
129 19457
129 19398
129 19483
129 19468
129 19416
129 19402
129 19426
129 19392
129 19452
129 19368
129 19443
129 19453
129 19448
129 19425
129 19417
129 19445
129 19461
129 19407
129 19396
129 19484
129 19421
129 19444
129 19366
129 19432
129 19395
129 19455
129 19464
129 19498
130 19519
130 19557
130 19595
130 19563
130 19501
130 19640
130 19590
130 19612
130 19565
130 19539
130 19518
130 19577
130 19626
130 19646
130 19502
130 19609
130 19559
130 19608
130 19506
130 19630
130 19631
130 19566
130 19536
130 19637
130 19610
130 19549
130 19574
130 19639
130 19643
130 19606
130 19551
130 19537
131 19781
131 19685
131 19791
131 19725
131 19744
131 19783
131 19768
131 19710
131 19767
131 19789
131 19759
131 19695
131 19745
131 19664
131 19692
131 19675
131 19737
131 19735
131 19723
131 19773
131 19704
131 19688
131 19659
131 19793
131 19758
131 19686
131 19687
131 19776
131 19709
131 19779
131 19769
131 19698
132 19931
132 19925
132 19888
132 19947
132 19829
132 19810
132 19804
132 19880
132 19827
132 19930
132 19906
132 19914
132 19801
132 19877
132 19884
132 19805
132 19874
132 19839
132 19823
132 19818
132 19821
132 19841
132 19842
132 19857
132 19854
132 19929
132 19808
132 19824
132 19898
132 19900
132 19813
132 19922
133 19962
133 19984
133 20029
133 20007
133 19950
133 19997
133 20058
133 20056
133 20010
133 20094
133 20088
133 19968
133 19999
133 19958
133 19987
133 20055
133 20082
133 20096
133 20036
133 20015
133 19963
133 19998
133 20085
133 20052
133 20099
133 19965
133 19966
133 20071
133 20068
133 20075
133 20049
133 20008
134 20106
134 20197
134 20157
134 20160
134 20177
134 20190
134 20222
134 20137
134 20231
134 20219
134 20214
134 20245
134 20120
134 20144
134 20235
134 20175
134 20233
134 20205
134 20110
134 20174
134 20247
134 20122
134 20172
134 20236
134 20129
134 20123
134 20162
134 20132
134 20153
134 20130
134 20138
134 20203
135 20334
135 20280
135 20303
135 20277
135 20284
135 20373
135 20299
135 20267
135 20354
135 20364
135 20393
135 20376
135 20390
135 20377
135 20358
135 20269
135 20325
135 20394
135 20261
135 20375
135 20257
135 20332
135 20266
135 20328
135 20294
135 20275
135 20274
135 20295
135 20366
135 20293
135 20306
135 20272
136 20426
136 20543
136 20510
136 20524
136 20451
136 20546
136 20405
136 20538
136 20508
136 20462
136 20436
136 20466
136 20487
136 20416
136 20481
136 20432
136 20449
136 20534
136 20514
136 20493
136 20455
136 20425
136 20470
136 20441
136 20457
136 20488
136 20476
136 20474
136 20463
136 20523
136 20410
136 20418
137 20674
137 20661
137 20655
137 20562
137 20584
137 20675
137 20698
137 20617
137 20550
137 20650
137 20656
137 20632
137 20640
137 20648
137 20625
137 20624
137 20662
137 20649
137 20599
137 20633
137 20630
137 20639
137 20582
137 20559
137 20685
137 20628
137 20679
137 20558
137 20677
137 20660
137 20576
137 20581
138 20783
138 20796
138 20770
138 20739
138 20758
138 20803
138 20817
138 20773
138 20742
138 20748
138 20797
138 20805
138 20703
138 20714
138 20820
138 20769
138 20845
138 20835
138 20809
138 20711
138 20848
138 20712
138 20745
138 20709
138 20826
138 20847
138 20795
138 20836
138 20841
138 20804
138 20849
138 20785
139 20966
139 20918
139 20964
139 20908
139 20930
139 20917
139 20896
139 20941
139 20959
139 20958
139 20985
139 20858
139 20897
139 20931
139 20944
139 20968
139 20905
139 20925
139 20880
139 20887
139 20895
139 20937
139 20855
139 20881
139 20854
139 20950
139 20903
139 20863
139 20999
139 20996
139 20994
139 20861
140 21014
140 21077
140 21078
140 21055
140 21148
140 21097
140 21087
140 21034
140 21030
140 21126
140 21083
140 21017
140 21001
140 21136
140 21074
140 21033
140 21086
140 21022
140 21028
140 21115
140 21106
140 21082
140 21105
140 21101
140 21098
140 21108
140 21130
140 21102
140 21096
140 21071
140 21051
140 21002
141 21285
141 21193
141 21207
141 21278
141 21248
141 21202
141 21267
141 21212
141 21292
141 21204
141 21163
141 21160
141 21221
141 21231
141 21183
141 21237
141 21161
141 21252
141 21227
141 21159
141 21170
141 21233
141 21254
141 21293
141 21217
141 21154
141 21294
141 21289
141 21196
141 21274
141 21178
141 21262
142 21309
142 21352
142 21355
142 21359
142 21304
142 21429
142 21347
142 21417
142 21341
142 21348
142 21333
142 21418
142 21350
142 21395
142 21404
142 21316
142 21402
142 21331
142 21346
142 21311
142 21362
142 21374
142 21372
142 21380
142 21419
142 21403
142 21317
142 21376
142 21415
142 21382
142 21307
142 21420
143 21471
143 21479
143 21487
143 21579
143 21470
143 21475
143 21547
143 21480
143 21467
143 21583
143 21540
143 21512
143 21501
143 21452
143 21568
143 21538
143 21481
143 21459
143 21590
143 21490
143 21455
143 21567
143 21559
143 21492
143 21546
143 21541
143 21482
143 21589
143 21468
143 21506
143 21519
143 21537
144 21684
144 21738
144 21683
144 21602
144 21708
144 21636
144 21671
144 21613
144 21615
144 21668
144 21675
144 21647
144 21606
144 21724
144 21707
144 21727
144 21725
144 21614
144 21624
144 21697
144 21723
144 21702
144 21740
144 21680
144 21706
144 21715
144 21703
144 21619
144 21660
144 21746
144 21638
144 21701
145 21886
145 21889
145 21832
145 21828
145 21793
145 21860
145 21778
145 21796
145 21784
145 21762
145 21789
145 21769
145 21868
145 21863
145 21853
145 21773
145 21829
145 21841
145 21850
145 21761
145 21844
145 21826
145 21876
145 21827
145 21760
145 21798
145 21862
145 21754
145 21780
145 21782
145 21814
145 21843
146 22025
146 22048
146 21926
146 22001
146 22026
146 21932
146 21903
146 22009
146 21937
146 21999
146 21934
146 21966
146 21946
146 22029
146 22036
146 21960
146 22041
146 21981
146 21911
146 21973
146 21915
146 21936
146 21982
146 22011
146 21919
146 22032
146 21924
146 22040
146 22034
146 21988
146 21956
146 22014
147 22057
147 22145
147 22154
147 22076
147 22119
147 22167
147 22170
147 22114
147 22112
147 22098
147 22085
147 22155
147 22189
147 22084
147 22051
147 22117
147 22061
147 22132
147 22070
147 22096
147 22184
147 22118
147 22190
147 22086
147 22095
147 22073
147 22127
147 22176
147 22197
147 22125
147 22188
147 22181
148 22299
148 22219
148 22311
148 22205
148 22341
148 22307
148 22216
148 22202
148 22260
148 22293
148 22232
148 22203
148 22332
148 22250
148 22254
148 22301
148 22306
148 22327
148 22331
148 22222
148 22272
148 22209
148 22215
148 22201
148 22253
148 22243
148 22317
148 22308
148 22333
148 22291
148 22339
148 22309
149 22407
149 22476
149 22455
149 22391
149 22366
149 22490
149 22358
149 22381
149 22452
149 22353
149 22457
149 22377
149 22357
149 22491
149 22395
149 22482
149 22459
149 22354
149 22368
149 22422
149 22494
149 22430
149 22478
149 22415
149 22398
149 22367
149 22384
149 22449
149 22393
149 22404
149 22414
149 22468
150 22596
150 22588
150 22538
150 22511
150 22618
150 22572
150 22579
150 22598
150 22536
150 22585
150 22524
150 22578
150 22637
150 22608
150 22614
150 22541
150 22558
150 22528
150 22512
150 22595
150 22646
150 22570
150 22564
150 22644
150 22615
150 22628
150 22620
150 22551
150 22556
150 22544
150 22514
150 22507
151 22731
151 22693
151 22714
151 22786
151 22760
151 22683
151 22795
151 22772
151 22747
151 22761
151 22741
151 22651
151 22712
151 22771
151 22665
151 22733
151 22796
151 22763
151 22799
151 22668
151 22684
151 22739
151 22708
151 22757
151 22675
151 22746
151 22783
151 22667
151 22670
151 22688
151 22700
151 22780
152 22940
152 22868
152 22935
152 22801
152 22938
152 22867
152 22872
152 22875
152 22909
152 22929
152 22836
152 22835
152 22911
152 22824
152 22834
152 22914
152 22880
152 22878
152 22825
152 22810
152 22813
152 22842
152 22948
152 22812
152 22863
152 22895
152 22802
152 22865
152 22916
152 22944
152 22924
152 22897
153 23045
153 23053
153 23013
153 23041
153 22986
153 23012
153 23084
153 23020
153 23049
153 22965
153 23065
153 23021
153 23006
153 23068
153 22992
153 23054
153 23063
153 22968
153 23085
153 23052
153 23058
153 23001
153 23072
153 23078
153 22954
153 23093
153 23080
153 22966
153 22987
153 23011
153 23067
153 22981
154 23188
154 23244
154 23201
154 23179
154 23168
154 23235
154 23169
154 23147
154 23214
154 23212
154 23216
154 23202
154 23247
154 23118
154 23114
154 23127
154 23145
154 23227
154 23105
154 23158
154 23144
154 23193
154 23242
154 23120
154 23241
154 23117
154 23109
154 23175
154 23221
154 23217
154 23203
154 23154
155 23321
155 23337
155 23377
155 23338
155 23348
155 23361
155 23336
155 23257
155 23300
155 23283
155 23276
155 23357
155 23316
155 23352
155 23372
155 23317
155 23366
155 23310
155 23373
155 23296
155 23303
155 23368
155 23259
155 23332
155 23258
155 23308
155 23397
155 23382
155 23312
155 23329
155 23271
155 23287
156 23534
156 23404
156 23478
156 23405
156 23432
156 23518
156 23491
156 23409
156 23413
156 23440
156 23488
156 23429
156 23524
156 23475
156 23412
156 23441
156 23472
156 23402
156 23482
156 23403
156 23503
156 23453
156 23480
156 23449
156 23508
156 23447
156 23421
156 23529
156 23505
156 23448
156 23521
156 23406
157 23636
157 23587
157 23623
157 23593
157 23696
157 23601
157 23576
157 23659
157 23592
157 23562
157 23673
157 23646
157 23567
157 23644
157 23690
157 23624
157 23577
157 23554
157 23634
157 23616
157 23552
157 23637
157 23651
157 23643
157 23607
157 23594
157 23675
157 23612
157 23664
157 23605
157 23688
157 23653
158 23814
158 23818
158 23709
158 23817
158 23815
158 23724
158 23797
158 23727
158 23769
158 23714
158 23712
158 23806
158 23788
158 23846
158 23737
158 23831
158 23762
158 23702
158 23740
158 23790
158 23816
158 23767
158 23781
158 23789
158 23705
158 23771
158 23803
158 23847
158 23728
158 23826
158 23710
158 23708
159 23911
159 23904
159 23977
159 23952
159 23938
159 23923
159 23871
159 23914
159 23983
159 23986
159 23928
159 23906
159 23960
159 23955
159 23940
159 23965
159 23950
159 23929
159 23853
159 23896
159 23874
159 23917
159 23932
159 23901
159 23967
159 23924
159 23935
159 23887
159 23870
159 23990
159 23897
159 23936
160 24096
160 24117
160 24125
160 24094
160 24070
160 24029
160 24102
160 24114
160 24040
160 24069
160 24067
160 24005
160 24088
160 24060
160 24116
160 24145
160 24033
160 24095
160 24140
160 24024
160 24092
160 24106
160 24051
160 24101
160 24078
160 24109
160 24110
160 24019
160 24073
160 24121
160 24071
160 24075
161 24270
161 24178
161 24288
161 24284
161 24238
161 24293
161 24185
161 24236
161 24169
161 24231
161 24253
161 24235
161 24255
161 24291
161 24287
161 24187
161 24191
161 24259
161 24279
161 24221
161 24294
161 24274
161 24154
161 24211
161 24275
161 24197
161 24201
161 24190
161 24282
161 24207
161 24208
161 24299
162 24307
162 24320
162 24390
162 24366
162 24338
162 24332
162 24433
162 24432
162 24310
162 24356
162 24407
162 24401
162 24315
162 24354
162 24300
162 24362
162 24349
162 24411
162 24335
162 24343
162 24324
162 24314
162 24361
162 24302
162 24321
162 24405
162 24313
162 24357
162 24386
162 24394
162 24339
162 24396
163 24556
163 24545
163 24550
163 24519
163 24549
163 24511
163 24574
163 24451
163 24468
163 24561
163 24542
163 24528
163 24593
163 24455
163 24576
163 24539
163 24581
163 24492
163 24473
163 24458
163 24597
163 24578
163 24462
163 24479
163 24592
163 24502
163 24478
163 24565
163 24480
163 24533
163 24509
163 24544
164 24617
164 24615
164 24676
164 24620
164 24683
164 24636
164 24680
164 24649
164 24682
164 24666
164 24607
164 24618
164 24686
164 24660
164 24744
164 24710
164 24619
164 24632
164 24749
164 24727
164 24675
164 24704
164 24732
164 24697
164 24639
164 24712
164 24709
164 24733
164 24726
164 24708
164 24734
164 24671
165 24773
165 24878
165 24767
165 24876
165 24867
165 24834
165 24875
165 24786
165 24837
165 24772
165 24898
165 24885
165 24840
165 24804
165 24845
165 24760
165 24892
165 24768
165 24889
165 24783
165 24809
165 24770
165 24864
165 24797
165 24858
165 24839
165 24842
165 24811
165 24853
165 24862
165 24794
165 24897
166 24908
166 24964
166 24906
166 25007
166 24972
166 24912
166 25024
166 24917
166 25001
166 25044
166 24924
166 24945
166 24983
166 24952
166 24992
166 25000
166 25016
166 24984
166 25042
166 25026
166 24962
166 24931
166 25034
166 25029
166 24991
166 25015
166 24930
166 24926
166 24994
166 24965
166 24957
166 24963
167 25084
167 25086
167 25060
167 25193
167 25146
167 25140
167 25097
167 25103
167 25127
167 25130
167 25186
167 25115
167 25132
167 25177
167 25096
167 25094
167 25091
167 25141
167 25165
167 25081
167 25113
167 25174
167 25166
167 25190
167 25057
167 25067
167 25175
167 25197
167 25059
167 25189
167 25123
167 25162
168 25310
168 25340
168 25279
168 25342
168 25303
168 25322
168 25247
168 25302
168 25220
168 25328
168 25284
168 25294
168 25293
168 25314
168 25251
168 25290
168 25214
168 25297
168 25206
168 25245
168 25301
168 25243
168 25306
168 25222
168 25307
168 25217
168 25224
168 25242
168 25325
168 25257
168 25215
168 25263
169 25471
169 25401
169 25412
169 25369
169 25465
169 25381
169 25398
169 25418
169 25356
169 25403
169 25400
169 25350
169 25415
169 25436
169 25495
169 25446
169 25437
169 25427
169 25351
169 25492
169 25424
169 25392
169 25411
169 25430
169 25498
169 25413
169 25493
169 25358
169 25386
169 25352
169 25396
169 25449
170 25596
170 25541
170 25629
170 25509
170 25639
170 25581
170 25640
170 25536
170 25631
170 25592
170 25556
170 25533
170 25530
170 25515
170 25559
170 25525
170 25558
170 25617
170 25534
170 25618
170 25610
170 25613
170 25528
170 25643
170 25505
170 25600
170 25593
170 25584
170 25624
170 25516
170 25570
170 25607
171 25790
171 25717
171 25707
171 25696
171 25695
171 25709
171 25703
171 25796
171 25740
171 25780
171 25689
171 25690
171 25724
171 25763
171 25680
171 25711
171 25736
171 25775
171 25663
171 25721
171 25789
171 25730
171 25687
171 25665
171 25667
171 25781
171 25754
171 25779
171 25784
171 25765
171 25678
171 25749
172 25901
172 25884
172 25831
172 25865
172 25903
172 25898
172 25921
172 25830
172 25822
172 25946
172 25920
172 25841
172 25880
172 25885
172 25851
172 25823
172 25802
172 25848
172 25912
172 25825
172 25858
172 25847
172 25821
172 25846
172 25916
172 25905
172 25843
172 25844
172 25915
172 25863
172 25800
172 25824
173 26077
173 26074
173 26041
173 25975
173 26072
173 26092
173 26056
173 26066
173 26058
173 25981
173 25953
173 25997
173 25973
173 26019
173 26075
173 26054
173 26060
173 26089
173 26062
173 25952
173 26053
173 25960
173 26001
173 26025
173 25966
173 26070
173 25982
173 26005
173 25955
173 26095
173 25965
173 26028
174 26159
174 26153
174 26232
174 26128
174 26147
174 26169
174 26242
174 26130
174 26211
174 26127
174 26218
174 26203
174 26120
174 26175
174 26104
174 26140
174 26171
174 26206
174 26178
174 26117
174 26163
174 26226
174 26245
174 26115
174 26112
174 26231
174 26205
174 26184
174 26235
174 26137
174 26148
174 26204
175 26348
175 26261
175 26340
175 26325
175 26378
175 26299
175 26316
175 26384
175 26254
175 26364
175 26350
175 26289
175 26285
175 26351
175 26250
175 26332
175 26383
175 26393
175 26270
175 26255
175 26334
175 26386
175 26396
175 26276
175 26252
175 26368
175 26387
175 26277
175 26275
175 26309
175 26381
175 26374
176 26444
176 26466
176 26437
176 26538
176 26433
176 26500
176 26511
176 26502
176 26474
176 26547
176 26498
176 26447
176 26472
176 26524
176 26528
176 26546
176 26516
176 26486
176 26436
176 26426
176 26531
176 26515
176 26414
176 26412
176 26527
176 26536
176 26410
176 26548
176 26456
176 26492
176 26490
176 26450
177 26690
177 26563
177 26625
177 26584
177 26649
177 26634
177 26697
177 26600
177 26608
177 26679
177 26680
177 26557
177 26638
177 26664
177 26657
177 26621
177 26577
177 26583
177 26646
177 26695
177 26684
177 26561
177 26683
177 26658
177 26602
177 26667
177 26582
177 26659
177 26586
177 26688
177 26672
177 26692
178 26783
178 26801
178 26721
178 26848
178 26759
178 26815
178 26787
178 26744
178 26806
178 26748
178 26781
178 26755
178 26782
178 26750
178 26718
178 26739
178 26714
178 26786
178 26772
178 26757
178 26845
178 26842
178 26844
178 26793
178 26776
178 26832
178 26705
178 26709
178 26846
178 26731
178 26770
178 26719
179 26914
179 26969
179 26899
179 26909
179 26964
179 26852
179 26864
179 26933
179 26889
179 26932
179 26903
179 26861
179 26938
179 26984
179 26929
179 26880
179 26936
179 26967
179 26872
179 26913
179 26926
179 26922
179 26948
179 26921
179 26894
179 26953
179 26857
179 26882
179 26854
179 26924
179 26911
179 26865
180 27089
180 27026
180 27005
180 27147
180 27105
180 27093
180 27070
180 27054
180 27023
180 27122
180 27053
180 27113
180 27092
180 27110
180 27052
180 27029
180 27141
180 27075
180 27140
180 27024
180 27130
180 27085
180 27074
180 27031
180 27022
180 27114
180 27002
180 27121
180 27119
180 27020
180 27042
180 27099
181 27222
181 27235
181 27189
181 27151
181 27229
181 27158
181 27204
181 27198
181 27197
181 27295
181 27241
181 27181
181 27287
181 27211
181 27210
181 27213
181 27259
181 27239
181 27182
181 27243
181 27249
181 27221
181 27245
181 27155
181 27289
181 27227
181 27162
181 27225
181 27188
181 27186
181 27248
181 27150
182 27388
182 27360
182 27358
182 27439
182 27332
182 27406
182 27312
182 27306
182 27326
182 27368
182 27413
182 27420
182 27353
182 27405
182 27386
182 27425
182 27440
182 27431
182 27313
182 27349
182 27316
182 27409
182 27342
182 27361
182 27348
182 27321
182 27363
182 27424
182 27384
182 27336
182 27438
182 27401
183 27565
183 27511
183 27582
183 27513
183 27593
183 27542
183 27512
183 27514
183 27496
183 27526
183 27585
183 27452
183 27466
183 27515
183 27486
183 27536
183 27575
183 27576
183 27450
183 27489
183 27534
183 27504
183 27546
183 27516
183 27463
183 27484
183 27538
183 27547
183 27521
183 27458
183 27499
183 27563
184 27668
184 27688
184 27686
184 27623
184 27715
184 27749
184 27666
184 27693
184 27704
184 27644
184 27690
184 27665
184 27611
184 27741
184 27614
184 27692
184 27719
184 27738
184 27725
184 27616
184 27624
184 27722
184 27608
184 27702
184 27712
184 27736
184 27610
184 27605
184 27609
184 27724
184 27706
184 27679
185 27808
185 27832
185 27791
185 27800
185 27849
185 27875
185 27876
185 27766
185 27762
185 27804
185 27839
185 27826
185 27858
185 27813
185 27778
185 27841
185 27767
185 27786
185 27807
185 27882
185 27819
185 27881
185 27798
185 27750
185 27860
185 27846
185 27771
185 27830
185 27768
185 27899
185 27810
185 27877
186 27913
186 27900
186 28017
186 27925
186 27937
186 27986
186 27917
186 28033
186 27923
186 27970
186 27972
186 28022
186 28042
186 27971
186 27979
186 27958
186 27961
186 28040
186 27974
186 28000
186 28045
186 27901
186 27984
186 28015
186 27978
186 27906
186 27926
186 27946
186 27914
186 27922
186 28018
186 27994
187 28126
187 28166
187 28199
187 28133
187 28084
187 28132
187 28178
187 28134
187 28150
187 28190
187 28115
187 28102
187 28144
187 28192
187 28055
187 28182
187 28131
187 28097
187 28114
187 28129
187 28061
187 28197
187 28064
187 28067
187 28170
187 28078
187 28112
187 28095
187 28147
187 28194
187 28089
187 28173
188 28205
188 28325
188 28233
188 28281
188 28241
188 28247
188 28316
188 28237
188 28314
188 28225
188 28213
188 28234
188 28201
188 28219
188 28231
188 28302
188 28278
188 28317
188 28204
188 28228
188 28311
188 28294
188 28245
188 28235
188 28244
188 28269
188 28226
188 28270
188 28315
188 28331
188 28343
188 28250
189 28488
189 28413
189 28479
189 28358
189 28423
189 28387
189 28382
189 28469
189 28443
189 28481
189 28477
189 28398
189 28430
189 28435
189 28498
189 28420
189 28446
189 28482
189 28468
189 28406
189 28372
189 28458
189 28450
189 28362
189 28365
189 28429
189 28385
189 28497
189 28475
189 28494
189 28428
189 28455
190 28561
190 28543
190 28643
190 28510
190 28617
190 28537
190 28513
190 28575
190 28636
190 28550
190 28594
190 28629
190 28556
190 28522
190 28521
190 28584
190 28634
190 28572
190 28592
190 28529
190 28638
190 28587
190 28523
190 28504
190 28601
190 28524
190 28545
190 28532
190 28635
190 28540
190 28576
190 28630
191 28743
191 28791
191 28734
191 28695
191 28759
191 28799
191 28656
191 28722
191 28664
191 28708
191 28698
191 28763
191 28771
191 28786
191 28668
191 28742
191 28677
191 28651
191 28760
191 28673
191 28676
191 28685
191 28723
191 28744
191 28701
191 28687
191 28753
191 28798
191 28736
191 28713
191 28718
191 28733
192 28948
192 28846
192 28915
192 28868
192 28885
192 28890
192 28943
192 28876
192 28865
192 28832
192 28917
192 28864
192 28898
192 28858
192 28937
192 28941
192 28935
192 28869
192 28899
192 28887
192 28926
192 28823
192 28804
192 28861
192 28949
192 28811
192 28888
192 28893
192 28913
192 28845
192 28925
192 28921
193 29009
193 29062
193 28991
193 28963
193 29045
193 28976
193 28966
193 29082
193 29067
193 28969
193 29080
193 28997
193 29024
193 28998
193 29094
193 29035
193 29073
193 29092
193 29065
193 29056
193 29095
193 29036
193 29063
193 28972
193 28968
193 28996
193 28964
193 29096
193 28983
193 28984
193 29040
193 29058
194 29175
194 29160
194 29192
194 29178
194 29199
194 29239
194 29127
194 29225
194 29247
194 29243
194 29135
194 29173
194 29114
194 29147
194 29126
194 29166
194 29128
194 29170
194 29218
194 29188
194 29176
194 29123
194 29227
194 29197
194 29249
194 29195
194 29207
194 29158
194 29230
194 29165
194 29219
194 29235
195 29354
195 29265
195 29390
195 29375
195 29302
195 29339
195 29373
195 29321
195 29266
195 29367
195 29326
195 29254
195 29366
195 29327
195 29382
195 29283
195 29333
195 29342
195 29285
195 29364
195 29325
195 29348
195 29387
195 29399
195 29307
195 29297
195 29273
195 29295
195 29341
195 29343
195 29328
195 29359
196 29495
196 29437
196 29402
196 29431
196 29469
196 29440
196 29407
196 29487
196 29517
196 29454
196 29542
196 29459
196 29471
196 29497
196 29510
196 29534
196 29452
196 29442
196 29419
196 29522
196 29430
196 29416
196 29513
196 29455
196 29526
196 29427
196 29512
196 29479
196 29543
196 29463
196 29436
196 29514
197 29617
197 29596
197 29561
197 29603
197 29600
197 29626
197 29646
197 29643
197 29553
197 29670
197 29666
197 29578
197 29619
197 29570
197 29562
197 29607
197 29605
197 29656
197 29686
197 29685
197 29659
197 29567
197 29555
197 29678
197 29644
197 29636
197 29614
197 29615
197 29681
197 29582
197 29595
197 29687
198 29714
198 29800
198 29754
198 29845
198 29760
198 29750
198 29832
198 29733
198 29709
198 29711
198 29822
198 29831
198 29721
198 29777
198 29767
198 29759
198 29836
198 29700
198 29844
198 29707
198 29739
198 29708
198 29829
198 29755
198 29795
198 29820
198 29796
198 29720
198 29801
198 29843
198 29848
198 29769
199 29949
199 29954
199 29945
199 29910
199 29941
199 29878
199 29873
199 29887
199 29989
199 29979
199 29981
199 29908
199 29985
199 29972
199 29898
199 29974
199 29967
199 29875
199 29906
199 29915
199 29955
199 29912
199 29900
199 29975
199 29943
199 29982
199 29913
199 29885
199 29976
199 29968
199 29870
199 29896
200 30032
200 30038
200 30035
200 30123
200 30092
200 30140
200 30116
200 30043
200 30084
200 30148
200 30064
200 30128
200 30082
200 30094
200 30119
200 30096
200 30034
200 30049
200 30083
200 30059
200 30093
200 30075
200 30106
200 30029
200 30087
200 30133
200 30149
200 30028
200 30024
200 30033
200 30060
200 30006
201 30222
201 30156
201 30278
201 30173
201 30168
201 30152
201 30193
201 30197
201 30275
201 30175
201 30228
201 30212
201 30215
201 30238
201 30213
201 30231
201 30202
201 30157
201 30295
201 30230
201 30239
201 30177
201 30289
201 30192
201 30203
201 30279
201 30221
201 30248
201 30227
201 30264
201 30151
201 30181
202 30379
202 30404
202 30305
202 30342
202 30390
202 30339
202 30394
202 30439
202 30448
202 30409
202 30325
202 30445
202 30340
202 30335
202 30360
202 30441
202 30348
202 30317
202 30436
202 30377
202 30355
202 30368
202 30323
202 30341
202 30387
202 30411
202 30440
202 30309
202 30352
202 30358
202 30361
202 30300
203 30477
203 30498
203 30466
203 30527
203 30529
203 30559
203 30507
203 30530
203 30579
203 30525
203 30563
203 30553
203 30583
203 30586
203 30598
203 30538
203 30542
203 30479
203 30565
203 30463
203 30540
203 30512
203 30558
203 30580
203 30554
203 30594
203 30537
203 30516
203 30556
203 30453
203 30496
203 30452
204 30600
204 30685
204 30653
204 30645
204 30635
204 30658
204 30648
204 30680
204 30644
204 30611
204 30749
204 30666
204 30684
204 30733
204 30677
204 30691
204 30668
204 30724
204 30614
204 30638
204 30717
204 30702
204 30741
204 30621
204 30656
204 30742
204 30622
204 30736
204 30631
204 30673
204 30716
204 30689
205 30763
205 30827
205 30885
205 30868
205 30896
205 30830
205 30835
205 30869
205 30792
205 30864
205 30801
205 30824
205 30811
205 30755
205 30882
205 30751
205 30809
205 30838
205 30899
205 30774
205 30758
205 30761
205 30787
205 30800
205 30752
205 30760
205 30817
205 30803
205 30810
205 30857
205 30847
205 30786
206 30940
206 31016
206 30965
206 30943
206 30975
206 30999
206 31032
206 30916
206 30944
206 30926
206 30928
206 30908
206 30910
206 30911
206 30995
206 31035
206 30954
206 30985
206 31000
206 30920
206 31005
206 30951
206 30984
206 31023
206 30921
206 31033
206 31021
206 30931
206 30903
206 30956
206 30968
206 30933
207 31114
207 31181
207 31139
207 31064
207 31165
207 31087
207 31167
207 31174
207 31180
207 31144
207 31072
207 31062
207 31171
207 31189
207 31179
207 31108
207 31095
207 31125
207 31148
207 31133
207 31079
207 31192
207 31071
207 31076
207 31151
207 31115
207 31085
207 31055
207 31106
207 31090
207 31147
207 31066
208 31282
208 31340
208 31266
208 31235
208 31205
208 31264
208 31274
208 31279
208 31251
208 31301
208 31204
208 31272
208 31276
208 31271
208 31342
208 31269
208 31261
208 31309
208 31328
208 31293
208 31221
208 31216
208 31240
208 31308
208 31220
208 31323
208 31208
208 31326
208 31252
208 31256
208 31288
208 31206
209 31458
209 31479
209 31487
209 31378
209 31374
209 31466
209 31382
209 31430
209 31372
209 31464
209 31376
209 31425
209 31379
209 31396
209 31493
209 31489
209 31352
209 31496
209 31439
209 31473
209 31495
209 31354
209 31437
209 31465
209 31469
209 31377
209 31494
209 31412
209 31419
209 31436
209 31381
209 31410
210 31532
210 31547
210 31610
210 31526
210 31572
210 31546
210 31540
210 31634
210 31514
210 31568
210 31508
210 31585
210 31544
210 31645
210 31621
210 31636
210 31633
210 31612
210 31527
210 31620
210 31638
210 31521
210 31596
210 31646
210 31552
210 31538
210 31648
210 31643
210 31541
210 31601
210 31619
210 31551
