0 27
0 26
0 28
0 14
0 16
0 1
0 15
0 24
0 3
0 17
0 23
0 25
0 4
0 0
0 11
0 7
0 8
0 13
0 12
0 22
0 6
0 2
0 9
0 20
0 10
0 19
0 5
0 18
0 29
1 52
1 42
1 47
1 38
1 44
1 39
1 48
1 50
1 43
1 35
1 49
1 55
1 34
1 33
1 56
1 37
1 59
1 58
1 53
1 45
1 54
1 46
1 57
1 36
1 51
1 41
1 31
1 40
1 32
2 77
2 84
2 83
2 76
2 66
2 79
2 61
2 63
2 75
2 78
2 72
2 70
2 74
2 67
2 81
2 62
2 60
2 68
2 82
2 69
2 71
2 87
2 80
2 89
2 88
2 85
2 86
2 64
2 73
3 93
3 106
3 115
3 109
3 107
3 114
3 102
3 95
3 97
3 96
3 113
3 116
3 90
3 110
3 108
3 94
3 99
3 105
3 118
3 117
3 98
3 92
3 104
3 101
3 103
3 111
3 100
3 91
3 119
4 125
4 140
4 133
4 137
4 124
4 143
4 146
4 134
4 130
4 128
4 142
4 147
4 131
4 129
4 135
4 139
4 148
4 145
4 136
4 120
4 144
4 127
4 122
4 141
4 121
4 149
4 138
4 126
4 123
5 160
5 171
5 166
5 161
5 179
5 162
5 164
5 170
5 178
5 169
5 154
5 177
5 157
5 150
5 163
5 165
5 175
5 153
5 158
5 155
5 172
5 167
5 176
5 168
5 159
5 174
5 156
5 173
5 152
6 182
6 185
6 191
6 195
6 183
6 192
6 184
6 188
6 203
6 205
6 197
6 208
6 209
6 207
6 180
6 199
6 194
6 181
6 193
6 190
6 202
6 198
6 204
6 201
6 196
6 200
6 189
6 187
6 206
7 211
7 225
7 235
7 216
7 238
7 217
7 226
7 224
7 213
7 237
7 219
7 228
7 214
7 239
7 232
7 220
7 230
7 221
7 218
7 212
7 227
7 215
7 231
7 233
7 223
7 222
7 210
7 236
7 229
8 247
8 263
8 253
8 268
8 242
8 251
8 266
8 256
8 261
8 254
8 260
8 252
8 255
8 240
8 241
8 262
8 249
8 245
8 246
8 259
8 250
8 267
8 258
8 257
8 248
8 264
8 243
8 269
8 265
9 279
9 282
9 283
9 286
9 274
9 295
9 280
9 270
9 276
9 292
9 281
9 273
9 296
9 289
9 278
9 272
9 271
9 284
9 285
9 275
9 291
9 277
9 290
9 288
9 293
9 297
9 287
9 298
9 294
10 303
10 312
10 310
10 307
10 300
10 311
10 326
10 316
10 327
10 318
10 302
10 319
10 304
10 315
10 322
10 324
10 305
10 325
10 323
10 301
10 321
10 313
10 329
10 306
10 308
10 314
10 317
10 320
10 309
11 351
11 342
11 340
11 336
11 350
11 339
11 338
11 341
11 348
11 356
11 355
11 332
11 330
11 345
11 334
11 357
11 347
11 358
11 352
11 337
11 343
11 331
11 346
11 349
11 335
11 344
11 353
11 333
11 354
12 380
12 386
12 373
12 376
12 381
12 365
12 374
12 368
12 369
12 360
12 375
12 384
12 363
12 361
12 389
12 362
12 382
12 367
12 364
12 370
12 378
12 372
12 366
12 377
12 385
12 371
12 379
12 383
12 388
13 393
13 414
13 409
13 394
13 404
13 410
13 405
13 400
13 396
13 390
13 418
13 399
13 412
13 392
13 398
13 407
13 397
13 413
13 391
13 415
13 408
13 411
13 395
13 417
13 401
13 402
13 406
13 403
13 419
14 449
14 441
14 439
14 436
14 425
14 428
14 430
14 427
14 437
14 448
14 432
14 445
14 431
14 438
14 440
14 420
14 421
14 447
14 424
14 444
14 434
14 443
14 429
14 442
14 433
14 435
14 446
14 423
14 426
15 469
15 461
15 463
15 466
15 476
15 457
15 473
15 470
15 450
15 472
15 454
15 475
15 452
15 479
15 456
15 477
15 451
15 453
15 465
15 462
15 468
15 471
15 474
15 458
15 478
15 455
15 464
15 459
15 460
16 494
16 480
16 490
16 500
16 508
16 501
16 482
16 499
16 492
16 506
16 498
16 486
16 481
16 495
16 497
16 483
16 488
16 503
16 489
16 496
16 485
16 484
16 504
16 509
16 491
16 487
16 493
16 507
16 502
17 518
17 519
17 516
17 515
17 538
17 532
17 523
17 535
17 514
17 533
17 529
17 510
17 524
17 521
17 528
17 512
17 537
17 517
17 513
17 530
17 534
17 525
17 527
17 536
17 531
17 526
17 511
17 539
17 520
18 542
18 553
18 569
18 541
18 568
18 551
18 540
18 564
18 557
18 558
18 556
18 561
18 547
18 566
18 548
18 554
18 544
18 550
18 543
18 567
18 559
18 546
18 545
18 555
18 563
18 560
18 562
18 552
18 565
19 571
19 582
19 584
19 590
19 588
19 595
19 593
19 586
19 585
19 578
19 577
19 570
19 573
19 587
19 575
19 589
19 597
19 594
19 591
19 596
19 574
19 579
19 592
19 598
19 580
19 599
19 581
19 576
19 583
20 613
20 626
20 624
20 601
20 606
20 623
20 622
20 600
20 610
20 615
20 614
20 625
20 628
20 616
20 609
20 602
20 617
20 603
20 605
20 611
20 607
20 604
20 627
20 629
20 618
20 619
20 608
20 620
20 612
21 651
21 636
21 643
21 633
21 632
21 645
21 659
21 648
21 647
21 644
21 657
21 635
21 656
21 658
21 631
21 639
21 634
21 638
21 640
21 649
21 655
21 653
21 652
21 637
21 642
21 654
21 641
21 646
21 650
22 672
22 688
22 667
22 684
22 660
22 670
22 675
22 685
22 677
22 674
22 662
22 681
22 683
22 673
22 671
22 689
22 687
22 678
22 669
22 679
22 664
22 676
22 665
22 682
22 663
22 680
22 661
22 666
22 668
23 695
23 718
23 690
23 719
23 703
23 694
23 712
23 698
23 715
23 691
23 710
23 696
23 699
23 714
23 701
23 705
23 709
23 702
23 700
23 713
23 707
23 693
23 697
23 708
23 716
23 717
23 692
23 704
23 711
24 737
24 747
24 724
24 744
24 734
24 725
24 741
24 746
24 749
24 731
24 733
24 729
24 728
24 739
24 742
24 740
24 721
24 743
24 735
24 726
24 722
24 723
24 727
24 732
24 748
24 730
24 738
24 745
24 720
25 752
25 773
25 764
25 760
25 776
25 759
25 757
25 775
25 779
25 754
25 777
25 774
25 771
25 763
25 766
25 778
25 755
25 765
25 769
25 770
25 758
25 767
25 756
25 761
25 753
25 762
25 750
25 768
25 772
26 785
26 780
26 807
26 781
26 798
26 792
26 783
26 803
26 808
26 804
26 802
26 796
26 788
26 784
26 793
26 797
26 799
26 795
26 805
26 790
26 791
26 801
26 786
26 806
26 794
26 782
26 789
26 800
26 787
27 814
27 824
27 828
27 825
27 835
27 810
27 838
27 821
27 822
27 812
27 813
27 818
27 811
27 837
27 836
27 817
27 819
27 816
27 820
27 830
27 827
27 831
27 833
27 834
27 815
27 829
27 826
27 839
27 823
28 849
28 856
28 866
28 869
28 855
28 845
28 859
28 846
28 842
28 840
28 851
28 841
28 847
28 860
28 861
28 844
28 858
28 850
28 867
28 865
28 863
28 848
28 857
28 852
28 843
28 864
28 862
28 868
28 853
29 891
29 874
29 885
29 877
29 889
29 890
29 884
29 895
29 892
29 894
29 876
29 899
29 878
29 893
29 886
29 888
29 882
29 897
29 887
29 883
29 881
29 896
29 871
29 880
29 872
29 898
29 870
29 873
29 879
30 918
30 929
30 928
30 902
30 919
30 921
30 905
30 915
30 906
30 909
30 916
30 925
30 911
30 926
30 904
30 900
30 913
30 912
30 922
30 901
30 907
30 903
30 914
30 924
30 917
30 910
30 927
30 908
30 920
31 941
31 933
31 949
31 959
31 938
31 953
31 956
31 934
31 937
31 939
31 943
31 948
31 940
31 950
31 954
31 947
31 930
31 957
31 931
31 936
31 952
31 935
31 958
31 946
31 944
31 932
31 945
31 942
31 955
32 964
32 985
32 977
32 988
32 968
32 979
32 966
32 989
32 972
32 978
32 965
32 962
32 987
32 986
32 982
32 975
32 967
32 980
32 981
32 971
32 969
32 984
32 963
32 983
32 960
32 973
32 961
32 976
32 970
33 1002
33 997
33 1014
33 991
33 1003
33 995
33 990
33 1006
33 1018
33 1015
33 998
33 996
33 993
33 1012
33 999
33 1007
33 1017
33 1019
33 992
33 1004
33 1016
33 1001
33 1008
33 1010
33 1011
33 1009
33 1013
33 1000
33 994
34 1038
34 1040
34 1029
34 1028
34 1022
34 1045
34 1049
34 1032
34 1027
34 1041
34 1024
34 1026
34 1039
34 1035
34 1034
34 1048
34 1044
34 1030
34 1036
34 1047
34 1046
34 1023
34 1037
34 1042
34 1021
34 1043
34 1025
34 1031
34 1020
35 1062
35 1067
35 1053
35 1079
35 1076
35 1060
35 1070
35 1061
35 1051
35 1050
35 1056
35 1071
35 1073
35 1058
35 1057
35 1063
35 1068
35 1075
35 1069
35 1078
35 1059
35 1065
35 1054
35 1074
35 1066
35 1055
35 1052
35 1064
35 1077
36 1089
36 1103
36 1104
36 1092
36 1100
36 1108
36 1106
36 1081
36 1107
36 1102
36 1105
36 1080
36 1093
36 1090
36 1084
36 1094
36 1096
36 1088
36 1099
36 1086
36 1083
36 1101
36 1095
36 1085
36 1097
36 1082
36 1091
36 1109
36 1087
37 1118
37 1132
37 1115
37 1138
37 1135
37 1137
37 1116
37 1125
37 1131
37 1114
37 1123
37 1119
37 1133
37 1111
37 1113
37 1112
37 1110
37 1121
37 1139
37 1122
37 1126
37 1117
37 1120
37 1136
37 1127
37 1129
37 1130
37 1128
37 1134
38 1152
38 1161
38 1151
38 1167
38 1157
38 1144
38 1159
38 1148
38 1145
38 1141
38 1150
38 1163
38 1155
38 1146
38 1153
38 1158
38 1166
38 1143
38 1156
38 1169
38 1164
38 1142
38 1168
38 1160
38 1140
38 1154
38 1165
38 1149
38 1147
39 1183
39 1199
39 1174
39 1179
39 1184
39 1182
39 1180
39 1181
39 1193
39 1170
39 1171
39 1195
39 1185
39 1173
39 1197
39 1178
39 1189
39 1172
39 1192
39 1176
39 1191
39 1187
39 1194
39 1196
39 1198
39 1188
39 1177
39 1186
39 1190
40 1209
40 1221
40 1204
40 1227
40 1211
40 1202
40 1214
40 1201
40 1208
40 1229
40 1223
40 1215
40 1225
40 1219
40 1206
40 1213
40 1220
40 1218
40 1212
40 1226
40 1217
40 1224
40 1222
40 1228
40 1210
40 1203
40 1205
40 1200
40 1216
41 1251
41 1247
41 1243
41 1232
41 1246
41 1249
41 1250
41 1258
41 1242
41 1259
41 1241
41 1235
41 1253
41 1233
41 1248
41 1244
41 1238
41 1237
41 1239
41 1257
41 1252
41 1245
41 1234
41 1240
41 1231
41 1256
41 1230
41 1254
41 1255
42 1271
42 1288
42 1261
42 1262
42 1289
42 1268
42 1260
42 1285
42 1275
42 1282
42 1278
42 1280
42 1266
42 1284
42 1269
42 1270
42 1272
42 1267
42 1279
42 1277
42 1283
42 1276
42 1264
42 1273
42 1265
42 1274
42 1287
42 1281
42 1286
43 1296
43 1302
43 1312
43 1306
43 1315
43 1304
43 1300
43 1301
43 1292
43 1311
43 1305
43 1303
43 1308
43 1313
43 1293
43 1294
43 1310
43 1317
43 1318
43 1298
43 1314
43 1291
43 1319
43 1295
43 1299
43 1290
43 1316
43 1297
43 1307
44 1322
44 1340
44 1334
44 1324
44 1349
44 1326
44 1327
44 1320
44 1323
44 1333
44 1328
44 1344
44 1346
44 1347
44 1345
44 1330
44 1339
44 1325
44 1343
44 1336
44 1321
44 1335
44 1337
44 1341
44 1348
44 1329
44 1342
44 1332
44 1338
45 1371
45 1363
45 1375
45 1365
45 1360
45 1366
45 1359
45 1369
45 1373
45 1367
45 1350
45 1364
45 1362
45 1374
45 1358
45 1370
45 1361
45 1377
45 1353
45 1376
45 1372
45 1357
45 1355
45 1368
45 1378
45 1351
45 1354
45 1379
45 1352
46 1393
46 1386
46 1401
46 1384
46 1404
46 1381
46 1394
46 1389
46 1398
46 1407
46 1402
46 1399
46 1392
46 1390
46 1408
46 1391
46 1395
46 1382
46 1388
46 1406
46 1400
46 1405
46 1387
46 1409
46 1397
46 1396
46 1403
46 1380
46 1385
47 1420
47 1438
47 1412
47 1429
47 1415
47 1432
47 1416
47 1428
47 1434
47 1418
47 1424
47 1410
47 1422
47 1426
47 1421
47 1430
47 1439
47 1427
47 1436
47 1411
47 1413
47 1437
47 1435
47 1423
47 1419
47 1431
47 1417
47 1425
47 1414
48 1448
48 1463
48 1452
48 1467
48 1456
48 1446
48 1442
48 1440
48 1461
48 1468
48 1454
48 1450
48 1458
48 1459
48 1457
48 1469
48 1453
48 1445
48 1455
48 1443
48 1447
48 1462
48 1466
48 1451
48 1465
48 1441
48 1444
48 1449
48 1460
49 1495
49 1491
49 1478
49 1472
49 1470
49 1474
49 1485
49 1496
49 1492
49 1489
49 1487
49 1483
49 1477
49 1482
49 1488
49 1499
49 1498
49 1473
49 1480
49 1476
49 1497
49 1475
49 1479
49 1481
49 1471
49 1486
49 1494
49 1493
49 1490
50 1515
50 1513
50 1522
50 1514
50 1505
50 1501
50 1526
50 1510
50 1524
50 1519
50 1511
50 1506
50 1523
50 1527
50 1517
50 1507
50 1525
50 1502
50 1504
50 1509
50 1529
50 1520
50 1503
50 1512
50 1508
50 1528
50 1518
50 1516
50 1500
51 1541
51 1549
51 1535
51 1536
51 1531
51 1534
51 1558
51 1545
51 1542
51 1550
51 1537
51 1543
51 1548
51 1538
51 1551
51 1552
51 1533
51 1555
51 1559
51 1557
51 1539
51 1544
51 1540
51 1546
51 1530
51 1553
51 1532
51 1554
51 1547
52 1573
52 1589
52 1576
52 1561
52 1587
52 1572
52 1569
52 1577
52 1568
52 1570
52 1588
52 1566
52 1564
52 1586
52 1584
52 1580
52 1578
52 1560
52 1565
52 1571
52 1582
52 1581
52 1562
52 1563
52 1585
52 1567
52 1575
52 1583
52 1574
53 1618
53 1619
53 1611
53 1600
53 1604
53 1608
53 1601
53 1606
53 1615
53 1607
53 1610
53 1614
53 1590
53 1593
53 1612
53 1609
53 1617
53 1603
53 1605
53 1594
53 1597
53 1596
53 1602
53 1595
53 1599
53 1591
53 1616
53 1613
53 1598
54 1626
54 1633
54 1630
54 1636
54 1643
54 1634
54 1649
54 1631
54 1635
54 1642
54 1629
54 1646
54 1644
54 1621
54 1638
54 1648
54 1641
54 1625
54 1632
54 1623
54 1645
54 1640
54 1620
54 1639
54 1627
54 1622
54 1637
54 1647
54 1624
55 1659
55 1678
55 1670
55 1674
55 1655
55 1675
55 1656
55 1660
55 1653
55 1652
55 1669
55 1664
55 1672
55 1663
55 1677
55 1657
55 1651
55 1667
55 1676
55 1668
55 1658
55 1671
55 1666
55 1661
55 1650
55 1673
55 1654
55 1665
55 1679
56 1690
56 1706
56 1694
56 1682
56 1691
56 1683
56 1705
56 1708
56 1699
56 1703
56 1696
56 1692
56 1680
56 1688
56 1697
56 1687
56 1695
56 1701
56 1686
56 1689
56 1709
56 1693
56 1684
56 1685
56 1704
56 1707
56 1698
56 1681
56 1702
57 1720
57 1719
57 1737
57 1726
57 1736
57 1733
57 1712
57 1724
57 1723
57 1711
57 1713
57 1730
57 1717
57 1728
57 1739
57 1721
57 1729
57 1735
57 1715
57 1718
57 1722
57 1734
57 1731
57 1716
57 1714
57 1725
57 1738
57 1732
57 1727
58 1761
58 1754
58 1752
58 1747
58 1758
58 1755
58 1767
58 1759
58 1762
58 1749
58 1756
58 1766
58 1743
58 1745
58 1751
58 1757
58 1760
58 1746
58 1750
58 1740
58 1753
58 1764
58 1742
58 1741
58 1744
58 1769
58 1765
58 1763
58 1748
59 1795
59 1783
59 1772
59 1790
59 1773
59 1770
59 1785
59 1775
59 1786
59 1782
59 1799
59 1778
59 1771
59 1798
59 1781
59 1784
59 1797
59 1792
59 1776
59 1793
59 1779
59 1791
59 1787
59 1796
59 1780
59 1774
59 1777
59 1789
59 1788
60 1805
60 1823
60 1826
60 1815
60 1819
60 1816
60 1824
60 1803
60 1820
60 1801
60 1814
60 1829
60 1807
60 1810
60 1802
60 1812
60 1818
60 1809
60 1806
60 1822
60 1800
60 1821
60 1813
60 1811
60 1808
60 1817
60 1828
60 1825
60 1804
61 1839
61 1837
61 1841
61 1849
61 1850
61 1853
61 1840
61 1845
61 1836
61 1851
61 1855
61 1856
61 1831
61 1842
61 1852
61 1854
61 1843
61 1844
61 1846
61 1834
61 1857
61 1859
61 1835
61 1858
61 1848
61 1833
61 1830
61 1838
61 1832
62 1864
62 1889
62 1875
62 1860
62 1886
62 1870
62 1883
62 1885
62 1872
62 1887
62 1873
62 1866
62 1876
62 1862
62 1884
62 1874
62 1878
62 1865
62 1881
62 1863
62 1869
62 1880
62 1879
62 1861
62 1888
62 1868
62 1877
62 1882
62 1867
63 1900
63 1908
63 1913
63 1898
63 1903
63 1904
63 1905
63 1892
63 1899
63 1909
63 1911
63 1915
63 1895
63 1894
63 1901
63 1902
63 1918
63 1896
63 1907
63 1914
63 1897
63 1910
63 1919
63 1891
63 1916
63 1893
63 1917
63 1906
63 1890
64 1929
64 1944
64 1930
64 1921
64 1928
64 1943
64 1926
64 1942
64 1946
64 1945
64 1924
64 1948
64 1920
64 1941
64 1927
64 1938
64 1925
64 1934
64 1939
64 1931
64 1933
64 1947
64 1936
64 1922
64 1923
64 1940
64 1935
64 1937
64 1949
65 1965
65 1963
65 1973
65 1959
65 1955
65 1976
65 1975
65 1952
65 1969
65 1964
65 1979
65 1978
65 1974
65 1966
65 1957
65 1958
65 1956
65 1977
65 1960
65 1972
65 1954
65 1967
65 1953
65 1970
65 1971
65 1950
65 1951
65 1962
65 1961
66 1990
66 1982
66 1992
66 2007
66 1981
66 2002
66 2004
66 2009
66 1995
66 1989
66 1996
66 1999
66 2000
66 1997
66 2005
66 1993
66 1988
66 2006
66 1985
66 1987
66 2001
66 1983
66 2008
66 1980
66 1998
66 1984
66 1991
66 1994
66 1986
67 2035
67 2012
67 2033
67 2021
67 2038
67 2010
67 2028
67 2018
67 2016
67 2019
67 2032
67 2020
67 2024
67 2022
67 2017
67 2027
67 2014
67 2015
67 2037
67 2025
67 2013
67 2011
67 2026
67 2034
67 2030
67 2029
67 2036
67 2039
67 2023
68 2052
68 2058
68 2046
68 2048
68 2051
68 2049
68 2065
68 2060
68 2053
68 2062
68 2041
68 2055
68 2044
68 2054
68 2061
68 2040
68 2050
68 2056
68 2064
68 2042
68 2063
68 2047
68 2066
68 2068
68 2057
68 2069
68 2067
68 2043
68 2059
69 2089
69 2074
69 2091
69 2098
69 2090
69 2075
69 2088
69 2082
69 2097
69 2073
69 2077
69 2078
69 2085
69 2086
69 2084
69 2072
69 2093
69 2096
69 2070
69 2095
69 2087
69 2076
69 2079
69 2081
69 2094
69 2099
69 2071
69 2092
69 2080
70 2117
70 2121
70 2120
70 2112
70 2123
70 2118
70 2127
70 2101
70 2124
70 2102
70 2108
70 2105
70 2106
70 2126
70 2113
70 2125
70 2103
70 2119
70 2104
70 2109
70 2110
70 2114
70 2128
70 2100
70 2115
70 2116
70 2129
70 2107
70 2122
71 2135
71 2136
71 2140
71 2157
71 2148
71 2151
71 2138
71 2146
71 2143
71 2150
71 2132
71 2142
71 2134
71 2133
71 2158
71 2153
71 2131
71 2154
71 2152
71 2137
71 2139
71 2141
71 2130
71 2159
71 2156
71 2145
71 2155
71 2149
71 2147
72 2161
72 2163
72 2189
72 2169
72 2167
72 2181
72 2184
72 2166
72 2183
72 2171
72 2179
72 2165
72 2162
72 2182
72 2168
72 2172
72 2180
72 2170
72 2175
72 2160
72 2177
72 2185
72 2174
72 2178
72 2186
72 2176
72 2188
72 2173
72 2187
73 2196
73 2204
73 2193
73 2217
73 2218
73 2202
73 2198
73 2190
73 2203
73 2209
73 2212
73 2200
73 2194
73 2211
73 2219
73 2213
73 2214
73 2206
73 2205
73 2208
73 2197
73 2216
73 2195
73 2191
73 2199
73 2210
73 2201
73 2215
73 2207
74 2237
74 2228
74 2231
74 2223
74 2246
74 2224
74 2235
74 2233
74 2240
74 2220
74 2236
74 2229
74 2247
74 2241
74 2226
74 2221
74 2238
74 2242
74 2222
74 2243
74 2245
74 2225
74 2249
74 2230
74 2227
74 2248
74 2234
74 2239
74 2244
75 2277
75 2258
75 2255
75 2256
75 2261
75 2262
75 2263
75 2265
75 2259
75 2254
75 2276
75 2269
75 2267
75 2252
75 2257
75 2272
75 2250
75 2251
75 2275
75 2273
75 2268
75 2271
75 2266
75 2260
75 2279
75 2278
75 2253
75 2264
75 2270
76 2302
76 2294
76 2308
76 2297
76 2296
76 2281
76 2284
76 2305
76 2288
76 2299
76 2285
76 2287
76 2309
76 2301
76 2304
76 2306
76 2307
76 2290
76 2292
76 2286
76 2291
76 2282
76 2289
76 2293
76 2300
76 2280
76 2283
76 2295
76 2298
77 2325
77 2334
77 2331
77 2327
77 2312
77 2319
77 2313
77 2335
77 2330
77 2311
77 2320
77 2315
77 2317
77 2323
77 2321
77 2318
77 2337
77 2336
77 2339
77 2328
77 2324
77 2316
77 2332
77 2329
77 2314
77 2333
77 2310
77 2322
77 2338
78 2356
78 2353
78 2347
78 2365
78 2361
78 2364
78 2362
78 2367
78 2354
78 2344
78 2352
78 2349
78 2341
78 2366
78 2343
78 2351
78 2363
78 2340
78 2358
78 2360
78 2355
78 2348
78 2369
78 2357
78 2346
78 2359
78 2368
78 2350
78 2342
79 2387
79 2394
79 2393
79 2392
79 2372
79 2395
79 2388
79 2377
79 2370
79 2383
79 2397
79 2373
79 2386
79 2371
79 2382
79 2391
79 2390
79 2380
79 2396
79 2374
79 2398
79 2378
79 2379
79 2376
79 2384
79 2375
79 2385
79 2381
79 2389
80 2418
80 2400
80 2403
80 2419
80 2410
80 2411
80 2417
80 2423
80 2407
80 2414
80 2424
80 2429
80 2402
80 2405
80 2416
80 2409
80 2427
80 2422
80 2404
80 2425
80 2426
80 2415
80 2401
80 2406
80 2421
80 2408
80 2413
80 2412
80 2428
81 2440
81 2454
81 2451
81 2437
81 2442
81 2444
81 2459
81 2449
81 2438
81 2457
81 2453
81 2458
81 2455
81 2430
81 2447
81 2443
81 2432
81 2448
81 2431
81 2446
81 2450
81 2452
81 2456
81 2433
81 2434
81 2445
81 2439
81 2441
81 2436
82 2462
82 2466
82 2477
82 2463
82 2476
82 2485
82 2460
82 2469
82 2464
82 2467
82 2471
82 2479
82 2482
82 2489
82 2478
82 2473
82 2481
82 2465
82 2475
82 2472
82 2474
82 2484
82 2480
82 2483
82 2486
82 2461
82 2488
82 2468
82 2470
83 2514
83 2507
83 2506
83 2511
83 2495
83 2519
83 2517
83 2490
83 2510
83 2518
83 2513
83 2516
83 2501
83 2504
83 2515
83 2491
83 2497
83 2508
83 2492
83 2512
83 2505
83 2502
83 2496
83 2493
83 2509
83 2498
83 2503
83 2499
83 2500
84 2538
84 2545
84 2548
84 2537
84 2536
84 2540
84 2541
84 2544
84 2539
84 2522
84 2525
84 2549
84 2542
84 2527
84 2546
84 2529
84 2521
84 2533
84 2547
84 2526
84 2535
84 2528
84 2543
84 2534
84 2524
84 2523
84 2532
84 2530
84 2531
85 2558
85 2563
85 2553
85 2565
85 2576
85 2577
85 2567
85 2568
85 2554
85 2559
85 2569
85 2557
85 2562
85 2566
85 2578
85 2555
85 2573
85 2556
85 2561
85 2550
85 2575
85 2571
85 2551
85 2572
85 2570
85 2560
85 2552
85 2574
85 2564
86 2583
86 2585
86 2587
86 2592
86 2580
86 2594
86 2603
86 2596
86 2590
86 2597
86 2598
86 2601
86 2591
86 2582
86 2602
86 2593
86 2606
86 2589
86 2581
86 2608
86 2604
86 2584
86 2609
86 2607
86 2588
86 2595
86 2599
86 2600
86 2586
87 2616
87 2620
87 2623
87 2626
87 2617
87 2614
87 2636
87 2631
87 2611
87 2621
87 2613
87 2628
87 2610
87 2629
87 2624
87 2615
87 2637
87 2634
87 2638
87 2633
87 2618
87 2619
87 2625
87 2612
87 2635
87 2627
87 2632
87 2630
87 2622
88 2650
88 2654
88 2644
88 2658
88 2649
88 2648
88 2664
88 2661
88 2663
88 2655
88 2660
88 2641
88 2666
88 2645
88 2668
88 2665
88 2640
88 2659
88 2653
88 2657
88 2652
88 2646
88 2667
88 2651
88 2643
88 2669
88 2662
88 2642
88 2647
89 2686
89 2680
89 2698
89 2695
89 2694
89 2670
89 2690
89 2699
89 2676
89 2673
89 2679
89 2684
89 2688
89 2697
89 2696
89 2685
89 2692
89 2682
89 2678
89 2671
89 2691
89 2672
89 2693
89 2675
89 2681
89 2683
89 2674
89 2689
89 2677
90 2704
90 2705
90 2707
90 2709
90 2711
90 2717
90 2715
90 2706
90 2722
90 2713
90 2720
90 2714
90 2721
90 2701
90 2724
90 2719
90 2700
90 2702
90 2727
90 2726
90 2729
90 2723
90 2712
90 2708
90 2703
90 2718
90 2710
90 2725
90 2728
91 2739
91 2752
91 2740
91 2744
91 2743
91 2738
91 2730
91 2732
91 2737
91 2753
91 2746
91 2751
91 2742
91 2741
91 2758
91 2733
91 2735
91 2750
91 2757
91 2754
91 2736
91 2745
91 2756
91 2731
91 2734
91 2748
91 2749
91 2759
91 2747
92 2764
92 2771
92 2770
92 2765
92 2777
92 2776
92 2769
92 2787
92 2783
92 2778
92 2785
92 2762
92 2773
92 2760
92 2761
92 2767
92 2779
92 2768
92 2774
92 2789
92 2780
92 2772
92 2788
92 2786
92 2782
92 2763
92 2775
92 2781
92 2784
93 2800
93 2816
93 2790
93 2804
93 2791
93 2801
93 2813
93 2818
93 2806
93 2805
93 2803
93 2809
93 2799
93 2794
93 2795
93 2808
93 2815
93 2814
93 2819
93 2807
93 2792
93 2817
93 2793
93 2798
93 2812
93 2811
93 2797
93 2796
93 2810
94 2824
94 2833
94 2839
94 2825
94 2832
94 2836
94 2830
94 2826
94 2840
94 2821
94 2848
94 2838
94 2846
94 2837
94 2841
94 2828
94 2847
94 2831
94 2820
94 2844
94 2845
94 2842
94 2822
94 2834
94 2843
94 2827
94 2849
94 2835
94 2823
95 2879
95 2851
95 2861
95 2856
95 2862
95 2857
95 2872
95 2852
95 2868
95 2859
95 2873
95 2865
95 2860
95 2864
95 2850
95 2854
95 2876
95 2875
95 2874
95 2855
95 2867
95 2871
95 2863
95 2877
95 2853
95 2858
95 2866
95 2869
95 2870
96 2893
96 2902
96 2905
96 2883
96 2907
96 2908
96 2898
96 2881
96 2887
96 2900
96 2892
96 2889
96 2882
96 2885
96 2901
96 2884
96 2897
96 2894
96 2896
96 2895
96 2891
96 2880
96 2899
96 2888
96 2909
96 2890
96 2904
96 2903
96 2906
97 2933
97 2921
97 2939
97 2925
97 2927
97 2936
97 2930
97 2935
97 2913
97 2915
97 2934
97 2928
97 2931
97 2922
97 2937
97 2920
97 2912
97 2918
97 2924
97 2910
97 2926
97 2932
97 2914
97 2938
97 2923
97 2919
97 2911
97 2916
97 2929
98 2942
98 2957
98 2952
98 2962
98 2960
98 2961
98 2956
98 2958
98 2964
98 2944
98 2945
98 2949
98 2966
98 2951
98 2947
98 2953
98 2941
98 2968
98 2950
98 2969
98 2943
98 2946
98 2940
98 2955
98 2965
98 2967
98 2954
98 2948
98 2959
99 2997
99 2990
99 2975
99 2976
99 2974
99 2984
99 2988
99 2991
99 2973
99 2989
99 2972
99 2995
99 2999
99 2982
99 2992
99 2978
99 2979
99 2971
99 2996
99 2985
99 2980
99 2977
99 2970
99 2998
99 2993
99 2994
99 2981
99 2986
99 2983
100 3010
100 3014
100 3017
100 3019
100 3021
100 3016
100 3003
100 3009
100 3012
100 3018
100 3006
100 3011
100 3013
100 3027
100 3029
100 3015
100 3020
100 3022
100 3025
100 3026
100 3000
100 3024
100 3004
100 3005
100 3002
100 3008
100 3023
100 3007
100 3001
101 3040
101 3044
101 3047
101 3049
101 3051
101 3056
101 3059
101 3041
101 3032
101 3031
101 3035
101 3052
101 3037
101 3036
101 3034
101 3038
101 3054
101 3030
101 3055
101 3039
101 3042
101 3033
101 3043
101 3058
101 3045
101 3048
101 3053
101 3046
101 3057
102 3074
102 3077
102 3079
102 3081
102 3070
102 3066
102 3064
102 3068
102 3061
102 3084
102 3073
102 3083
102 3075
102 3089
102 3082
102 3071
102 3069
102 3086
102 3078
102 3062
102 3088
102 3067
102 3065
102 3063
102 3060
102 3087
102 3076
102 3085
102 3080
103 3104
103 3107
103 3109
103 3111
103 3100
103 3101
103 3090
103 3114
103 3116
103 3098
103 3117
103 3095
103 3119
103 3092
103 3093
103 3118
103 3108
103 3113
103 3112
103 3094
103 3105
103 3096
103 3099
103 3102
103 3110
103 3115
103 3103
103 3106
103 3091
104 3137
104 3139
104 3141
104 3130
104 3134
104 3142
104 3128
104 3121
104 3122
104 3144
104 3123
104 3131
104 3138
104 3143
104 3149
104 3135
104 3148
104 3140
104 3147
104 3145
104 3120
104 3146
104 3124
104 3132
104 3126
104 3129
104 3133
104 3136
104 3127
105 3169
105 3171
105 3160
105 3164
105 3167
105 3178
105 3168
105 3152
105 3162
105 3166
105 3175
105 3170
105 3174
105 3172
105 3150
105 3157
105 3153
105 3179
105 3177
105 3161
105 3163
105 3176
105 3151
105 3159
105 3165
105 3158
105 3155
105 3156
105 3154
106 3200
106 3201
106 3205
106 3194
106 3198
106 3185
106 3189
106 3195
106 3206
106 3208
106 3180
106 3202
106 3186
106 3190
106 3193
106 3196
106 3203
106 3204
106 3207
106 3188
106 3191
106 3183
106 3181
106 3184
106 3199
106 3192
106 3182
106 3187
106 3197
107 3219
107 3223
107 3226
107 3228
107 3230
107 3224
107 3218
107 3209
107 3238
107 3231
107 3211
107 3221
107 3216
107 3227
107 3233
107 3210
107 3232
107 3237
107 3234
107 3220
107 3212
107 3213
107 3217
107 3225
107 3229
107 3215
107 3214
107 3236
107 3222
108 3249
108 3253
108 3256
108 3258
108 3260
108 3246
108 3264
108 3267
108 3252
108 3265
108 3250
108 3263
108 3241
108 3255
108 3248
108 3251
108 3268
108 3247
108 3240
108 3262
108 3254
108 3239
108 3242
108 3244
108 3266
108 3243
108 3257
108 3259
108 3245
109 3279
109 3283
109 3286
109 3288
109 3290
109 3278
109 3277
109 3276
109 3284
109 3291
109 3275
109 3296
109 3274
109 3293
109 3295
109 3297
109 3285
109 3269
109 3272
109 3271
109 3294
109 3298
109 3292
109 3270
109 3281
109 3287
109 3282
109 3273
109 3280
110 3309
110 3313
110 3316
110 3318
110 3320
110 3319
110 3317
110 3303
110 3304
110 3314
110 3305
110 3310
110 3315
110 3312
110 3302
110 3326
110 3301
110 3306
110 3328
110 3327
110 3322
110 3324
110 3321
110 3308
110 3300
110 3307
110 3311
110 3323
110 3325
111 3339
111 3343
111 3346
111 3348
111 3350
111 3340
111 3331
111 3341
111 3351
111 3345
111 3333
111 3344
111 3329
111 3355
111 3354
111 3335
111 3356
111 3347
111 3352
111 3336
111 3358
111 3334
111 3349
111 3337
111 3338
111 3342
111 3332
111 3357
111 3353
112 3369
112 3373
112 3376
112 3378
112 3380
112 3386
112 3379
112 3362
112 3372
112 3385
112 3361
112 3388
112 3360
112 3383
112 3366
112 3374
112 3371
112 3387
112 3363
112 3359
112 3381
112 3377
112 3367
112 3384
112 3368
112 3382
112 3364
112 3365
112 3375
113 3399
113 3403
113 3406
113 3408
113 3410
113 3396
113 3415
113 3417
113 3400
113 3412
113 3395
113 3394
113 3393
113 3418
113 3405
113 3411
113 3398
113 3414
113 3392
113 3409
113 3407
113 3397
113 3391
113 3402
113 3413
113 3401
113 3416
113 3404
113 3389
114 3429
114 3433
114 3436
114 3438
114 3440
114 3444
114 3446
114 3437
114 3445
114 3428
114 3427
114 3425
114 3442
114 3419
114 3420
114 3421
114 3448
114 3423
114 3424
114 3430
114 3443
114 3447
114 3439
114 3441
114 3422
114 3431
114 3435
114 3426
114 3432
115 3459
115 3463
115 3466
115 3468
115 3470
115 3476
115 3469
115 3478
115 3475
115 3460
115 3465
115 3449
115 3472
115 3458
115 3461
115 3456
115 3453
115 3462
115 3457
115 3473
115 3454
115 3455
115 3451
115 3477
115 3450
115 3452
115 3471
115 3467
115 3474
116 3489
116 3493
116 3496
116 3498
116 3500
116 3490
116 3502
116 3497
116 3480
116 3486
116 3499
116 3487
116 3484
116 3491
116 3488
116 3485
116 3482
116 3507
116 3481
116 3495
116 3503
116 3492
116 3501
116 3508
116 3494
116 3483
116 3504
116 3479
116 3505
117 3523
117 3526
117 3528
117 3530
117 3519
117 3533
117 3536
117 3525
117 3534
117 3515
117 3537
117 3529
117 3518
117 3524
117 3517
117 3514
117 3531
117 3516
117 3522
117 3513
117 3510
117 3532
117 3527
117 3521
117 3538
117 3520
117 3512
117 3511
117 3535
118 3553
118 3556
118 3558
118 3560
118 3549
118 3539
118 3554
118 3542
118 3547
118 3562
118 3557
118 3559
118 3552
118 3551
118 3545
118 3543
118 3564
118 3563
118 3567
118 3546
118 3561
118 3555
118 3544
118 3566
118 3568
118 3550
118 3540
118 3548
118 3565
119 3586
119 3588
119 3590
119 3579
119 3583
119 3596
119 3589
119 3593
119 3572
119 3569
119 3575
119 3573
119 3576
119 3578
119 3584
119 3597
119 3598
119 3570
119 3591
119 3577
119 3580
119 3574
119 3571
119 3595
119 3582
119 3592
119 3594
119 3581
119 3585
120 3616
120 3618
120 3620
120 3609
120 3613
120 3623
120 3621
120 3605
120 3603
120 3615
120 3614
120 3628
120 3600
120 3599
120 3610
120 3625
120 3606
120 3617
120 3624
120 3608
120 3626
120 3604
120 3627
120 3602
120 3601
120 3622
120 3619
120 3607
120 3612
121 3648
121 3650
121 3639
121 3643
121 3646
121 3633
121 3644
121 3642
121 3653
121 3652
121 3640
121 3630
121 3657
121 3636
121 3629
121 3655
121 3654
121 3649
121 3656
121 3632
121 3651
121 3647
121 3637
121 3631
121 3638
121 3645
121 3641
121 3635
121 3658
122 3680
122 3669
122 3673
122 3676
122 3678
122 3675
122 3659
122 3683
122 3674
122 3665
122 3672
122 3666
122 3660
122 3682
122 3663
122 3661
122 3677
122 3679
122 3671
122 3668
122 3686
122 3664
122 3684
122 3667
122 3688
122 3662
122 3685
122 3687
122 3681
123 3699
123 3703
123 3706
123 3708
123 3710
123 3713
123 3704
123 3718
123 3702
123 3712
123 3698
123 3717
123 3693
123 3696
123 3697
123 3695
123 3707
123 3691
123 3694
123 3700
123 3689
123 3715
123 3711
123 3716
123 3709
123 3714
123 3692
123 3705
123 3701
124 3729
124 3733
124 3736
124 3738
124 3740
124 3732
124 3726
124 3724
124 3745
124 3727
124 3731
124 3747
124 3739
124 3728
124 3720
124 3746
124 3722
124 3743
124 3725
124 3737
124 3742
124 3730
124 3719
124 3748
124 3723
124 3735
124 3744
124 3734
124 3741
125 3763
125 3767
125 3769
125 3770
125 3774
125 3759
125 3765
125 3777
125 3758
125 3772
125 3751
125 3760
125 3752
125 3757
125 3775
125 3756
125 3753
125 3749
125 3754
125 3768
125 3761
125 3762
125 3773
125 3776
125 3764
125 3755
125 3771
125 3750
125 3766
126 3788
126 3792
126 3795
126 3797
126 3799
126 3800
126 3783
126 3801
126 3802
126 3787
126 3786
126 3807
126 3791
126 3793
126 3798
126 3806
126 3794
126 3784
126 3789
126 3778
126 3790
126 3782
126 3803
126 3804
126 3780
126 3779
126 3785
126 3805
126 3781
127 3818
127 3822
127 3825
127 3827
127 3829
127 3812
127 3820
127 3823
127 3808
127 3834
127 3813
127 3833
127 3815
127 3828
127 3819
127 3809
127 3821
127 3835
127 3826
127 3824
127 3830
127 3816
127 3837
127 3831
127 3836
127 3814
127 3811
127 3810
127 3817
128 3848
128 3852
128 3855
128 3857
128 3859
128 3839
128 3865
128 3843
128 3841
128 3854
128 3849
128 3847
128 3866
128 3863
128 3845
128 3861
128 3838
128 3858
128 3844
128 3851
128 3862
128 3853
128 3856
128 3842
128 3846
128 3860
128 3850
128 3867
128 3864
129 3878
129 3882
129 3885
129 3887
129 3889
129 3890
129 3870
129 3896
129 3884
129 3872
129 3880
129 3874
129 3893
129 3886
129 3877
129 3869
129 3892
129 3875
129 3895
129 3873
129 3883
129 3876
129 3871
129 3897
129 3894
129 3879
129 3888
129 3881
129 3868
130 3908
130 3912
130 3915
130 3917
130 3919
130 3903
130 3923
130 3901
130 3910
130 3899
130 3909
130 3898
130 3904
130 3921
130 3922
130 3918
130 3900
130 3905
130 3924
130 3907
130 3926
130 3913
130 3925
130 3916
130 3911
130 3902
130 3927
130 3906
130 3914
131 3938
131 3942
131 3945
131 3947
131 3949
131 3939
131 3948
131 3930
131 3932
131 3954
131 3944
131 3956
131 3933
131 3946
131 3941
131 3934
131 3940
131 3957
131 3937
131 3928
131 3929
131 3943
131 3931
131 3935
131 3955
131 3936
131 3952
131 3950
131 3953
132 3968
132 3972
132 3975
132 3977
132 3979
132 3959
132 3983
132 3978
132 3960
132 3967
132 3973
132 3986
132 3981
132 3962
132 3963
132 3985
132 3961
132 3982
132 3987
132 3969
132 3976
132 3984
132 3974
132 3966
132 3965
132 3971
132 3980
132 3958
132 3970
133 4002
133 4005
133 4007
133 4009
133 3998
133 3991
133 4008
133 4006
133 4013
133 4012
133 4000
133 3996
133 3992
133 3989
133 4017
133 4011
133 4001
133 4014
133 3995
133 4015
133 3997
133 3994
133 4004
133 3999
133 4016
133 3988
133 3990
133 4003
133 4010
134 4032
134 4036
134 4038
134 4039
134 4043
134 4028
134 4026
134 4031
134 4024
134 4037
134 4027
134 4029
134 4030
134 4025
134 4033
134 4019
134 4042
134 4041
134 4023
134 4034
134 4046
134 4020
134 4044
134 4045
134 4040
134 4018
134 4021
134 4022
134 4035
135 4064
135 4066
135 4068
135 4057
135 4061
135 4051
135 4058
135 4049
135 4070
135 4073
135 4052
135 4062
135 4056
135 4048
135 4059
135 4055
135 4074
135 4075
135 4069
135 4065
135 4072
135 4054
135 4047
135 4067
135 4071
135 4053
135 4060
135 4063
135 4050
136 4096
136 4098
136 4087
136 4091
136 4094
136 4090
136 4093
136 4106
136 4100
136 4085
136 4080
136 4095
136 4102
136 4084
136 4086
136 4104
136 4105
136 4099
136 4083
136 4092
136 4082
136 4097
136 4088
136 4079
136 4078
136 4101
136 4081
136 4103
136 4077
137 4128
137 4117
137 4121
137 4124
137 4126
137 4120
137 4123
137 4129
137 4136
137 4107
137 4118
137 4113
137 4134
137 4119
137 4111
137 4132
137 4109
137 4130
137 4125
137 4112
137 4108
137 4131
137 4127
137 4122
137 4133
137 4135
137 4116
137 4115
137 4110
138 4147
138 4151
138 4154
138 4156
138 4158
138 4164
138 4152
138 4142
138 4149
138 4160
138 4150
138 4163
138 4143
138 4155
138 4137
138 4162
138 4165
138 4153
138 4144
138 4139
138 4148
138 4166
138 4140
138 4146
138 4161
138 4141
138 4145
138 4138
138 4157
139 4177
139 4181
139 4184
139 4186
139 4188
139 4190
139 4170
139 4180
139 4182
139 4194
139 4178
139 4179
139 4193
139 4187
139 4196
139 4172
139 4183
139 4195
139 4169
139 4191
139 4174
139 4192
139 4168
139 4185
139 4171
139 4176
139 4167
139 4189
139 4173
140 4211
140 4215
140 4217
140 4218
140 4222
140 4207
140 4201
140 4214
140 4203
140 4197
140 4216
140 4198
140 4224
140 4199
140 4220
140 4202
140 4200
140 4204
140 4208
140 4209
140 4225
140 4212
140 4219
140 4221
140 4205
140 4210
140 4206
140 4213
140 4223
141 4236
141 4240
141 4243
141 4245
141 4247
141 4253
141 4231
141 4252
141 4254
141 4248
141 4228
141 4239
141 4226
141 4238
141 4250
141 4234
141 4241
141 4227
141 4232
141 4230
141 4244
141 4235
141 4229
141 4249
141 4255
141 4251
141 4246
141 4242
141 4237
142 4266
142 4270
142 4273
142 4275
142 4277
142 4274
142 4262
142 4258
142 4269
142 4267
142 4268
142 4282
142 4278
142 4260
142 4265
142 4276
142 4261
142 4256
142 4280
142 4263
142 4281
142 4283
142 4279
142 4284
142 4264
142 4271
142 4259
142 4272
142 4285
143 4296
143 4300
143 4303
143 4305
143 4307
143 4292
143 4310
143 4287
143 4311
143 4312
143 4298
143 4294
143 4289
143 4304
143 4288
143 4295
143 4286
143 4299
143 4291
143 4302
143 4290
143 4293
143 4313
143 4297
143 4306
143 4314
143 4315
143 4308
143 4301
144 4326
144 4330
144 4333
144 4335
144 4337
144 4332
144 4340
144 4339
144 4317
144 4325
144 4344
144 4328
144 4329
144 4322
144 4324
144 4327
144 4343
144 4334
144 4338
144 4316
144 4341
144 4321
144 4323
144 4342
144 4331
144 4345
144 4336
144 4318
144 4320
145 4356
145 4360
145 4363
145 4365
145 4367
145 4354
145 4362
145 4373
145 4349
145 4369
145 4375
145 4364
145 4357
145 4358
145 4371
145 4359
145 4368
145 4355
145 4351
145 4372
145 4346
145 4374
145 4366
145 4361
145 4370
145 4352
145 4353
145 4347
145 4350
146 4386
146 4390
146 4393
146 4395
146 4397
146 4379
146 4399
146 4376
146 4383
146 4382
146 4388
146 4400
146 4385
146 4396
146 4387
146 4384
146 4401
146 4380
146 4402
146 4398
146 4377
146 4404
146 4403
146 4381
146 4405
146 4389
146 4378
146 4391
146 4394
147 4416
147 4420
147 4423
147 4425
147 4427
147 4424
147 4407
147 4413
147 4414
147 4434
147 4409
147 4432
147 4428
147 4421
147 4418
147 4422
147 4410
147 4406
147 4411
147 4433
147 4419
147 4417
147 4408
147 4429
147 4431
147 4426
147 4415
147 4430
147 4435
148 4450
148 4453
148 4455
148 4457
148 4446
148 4464
148 4440
148 4439
148 4441
148 4465
148 4463
148 4445
148 4449
148 4454
148 4451
148 4444
148 4461
148 4438
148 4443
148 4448
148 4452
148 4459
148 4456
148 4437
148 4447
148 4442
148 4436
148 4460
148 4462
149 4480
149 4483
149 4485
149 4487
149 4476
149 4467
149 4481
149 4495
149 4491
149 4478
149 4489
149 4479
149 4474
149 4488
149 4469
149 4492
149 4466
149 4473
149 4475
149 4482
149 4477
149 4471
149 4490
149 4470
149 4493
149 4494
149 4468
149 4472
149 4484
150 4513
150 4515
150 4517
150 4506
150 4510
150 4498
150 4516
150 4519
150 4504
150 4497
150 4514
150 4500
150 4502
150 4512
150 4523
150 4522
150 4505
150 4520
150 4509
150 4503
150 4524
150 4501
150 4508
150 4496
150 4511
150 4521
150 4525
150 4499
150 4507
151 4545
151 4547
151 4536
151 4540
151 4543
151 4538
151 4528
151 4555
151 4550
151 4526
151 4527
151 4552
151 4537
151 4541
151 4535
151 4553
151 4542
151 4531
151 4548
151 4529
151 4534
151 4539
151 4551
151 4532
151 4549
151 4530
151 4544
151 4554
151 4533
152 4577
152 4566
152 4570
152 4573
152 4575
152 4556
152 4560
152 4571
152 4580
152 4568
152 4565
152 4585
152 4584
152 4567
152 4578
152 4559
152 4569
152 4574
152 4558
152 4581
152 4582
152 4564
152 4557
152 4561
152 4583
152 4572
152 4579
152 4562
152 4563
153 4596
153 4600
153 4603
153 4605
153 4607
153 4608
153 4615
153 4586
153 4614
153 4588
153 4604
153 4610
153 4590
153 4594
153 4595
153 4599
153 4597
153 4609
153 4613
153 4598
153 4612
153 4591
153 4587
153 4601
153 4589
153 4606
153 4593
153 4592
153 4602
154 4626
154 4630
154 4633
154 4635
154 4637
154 4644
154 4636
154 4623
154 4640
154 4617
154 4627
154 4641
154 4642
154 4634
154 4620
154 4618
154 4638
154 4639
154 4616
154 4624
154 4619
154 4631
154 4622
154 4632
154 4629
154 4645
154 4621
154 4643
154 4625
155 4656
155 4660
155 4663
155 4665
155 4667
155 4669
155 4672
155 4671
155 4652
155 4658
155 4662
155 4673
155 4647
155 4646
155 4668
155 4674
155 4654
155 4650
155 4666
155 4653
155 4670
155 4657
155 4649
155 4664
155 4659
155 4651
155 4661
155 4648
155 4675
156 4686
156 4690
156 4693
156 4695
156 4697
156 4687
156 4702
156 4700
156 4692
156 4676
156 4691
156 4699
156 4681
156 4688
156 4696
156 4689
156 4685
156 4703
156 4684
156 4701
156 4679
156 4705
156 4680
156 4698
156 4682
156 4677
156 4704
156 4683
156 4694
157 4716
157 4720
157 4723
157 4725
157 4727
157 4712
157 4710
157 4730
157 4735
157 4719
157 4726
157 4731
157 4718
157 4717
157 4729
157 4707
157 4732
157 4714
157 4715
157 4709
157 4733
157 4734
157 4708
157 4713
157 4706
157 4728
157 4721
157 4722
157 4724
158 4746
158 4750
158 4753
158 4755
158 4757
158 4754
158 4737
158 4761
158 4742
158 4748
158 4738
158 4744
158 4747
158 4752
158 4751
158 4760
158 4736
158 4756
158 4763
158 4745
158 4741
158 4740
158 4764
158 4765
158 4739
158 4759
158 4758
158 4743
158 4762
159 4776
159 4780
159 4783
159 4785
159 4787
159 4790
159 4791
159 4784
159 4770
159 4772
159 4773
159 4778
159 4782
159 4795
159 4792
159 4794
159 4781
159 4777
159 4774
159 4767
159 4766
159 4769
159 4768
159 4771
159 4775
159 4786
159 4789
159 4793
159 4788
160 4806
160 4810
160 4813
160 4815
160 4817
160 4825
160 4803
160 4814
160 4804
160 4798
160 4805
160 4800
160 4812
160 4807
160 4818
160 4809
160 4802
160 4797
160 4820
160 4822
160 4824
160 4808
160 4811
160 4816
160 4799
160 4821
160 4801
160 4819
160 4796
161 4836
161 4840
161 4843
161 4845
161 4847
161 4851
161 4832
161 4830
161 4855
161 4837
161 4833
161 4831
161 4826
161 4854
161 4839
161 4846
161 4852
161 4844
161 4850
161 4828
161 4841
161 4834
161 4848
161 4829
161 4827
161 4835
161 4853
161 4842
161 4838
162 4866
162 4870
162 4873
162 4875
162 4877
162 4880
162 4869
162 4865
162 4884
162 4872
162 4883
162 4868
162 4881
162 4857
162 4856
162 4876
162 4861
162 4874
162 4878
162 4867
162 4871
162 4862
162 4858
162 4860
162 4863
162 4885
162 4859
162 4864
162 4882
163 4896
163 4900
163 4903
163 4905
163 4907
163 4910
163 4892
163 4911
163 4898
163 4891
163 4888
163 4902
163 4901
163 4906
163 4904
163 4897
163 4889
163 4895
163 4893
163 4915
163 4894
163 4887
163 4912
163 4909
163 4914
163 4908
163 4890
163 4886
163 4899
164 4930
164 4933
164 4935
164 4937
164 4926
164 4925
164 4917
164 4942
164 4916
164 4928
164 4927
164 4931
164 4922
164 4938
164 4919
164 4943
164 4921
164 4924
164 4936
164 4920
164 4944
164 4932
164 4929
164 4945
164 4934
164 4939
164 4923
164 4941
164 4940
165 4960
165 4963
165 4965
165 4967
165 4956
165 4972
165 4950
165 4947
165 4968
165 4962
165 4952
165 4966
165 4958
165 4970
165 4969
165 4974
165 4964
165 4955
165 4946
165 4971
165 4961
165 4953
165 4973
165 4957
165 4975
165 4954
165 4948
165 4951
165 4959
166 4993
166 4995
166 4997
166 4986
166 4990
166 4984
166 5005
166 4983
166 4976
166 5002
166 5000
166 4982
166 4998
166 4978
166 4988
166 4979
166 4994
166 4985
166 5003
166 4999
166 4981
166 4992
166 4991
166 4980
166 5001
166 4989
166 4996
166 5004
166 4977
167 5025
167 5027
167 5016
167 5020
167 5023
167 5018
167 5007
167 5030
167 5028
167 5019
167 5010
167 5008
167 5021
167 5013
167 5022
167 5015
167 5014
167 5031
167 5012
167 5033
167 5029
167 5024
167 5035
167 5017
167 5032
167 5034
167 5006
167 5011
167 5026
168 5057
168 5046
168 5050
168 5053
168 5055
168 5059
168 5047
168 5041
168 5061
168 5056
168 5063
168 5065
168 5045
168 5036
168 5054
168 5044
168 5052
168 5064
168 5049
168 5048
168 5042
168 5062
168 5051
168 5040
168 5038
168 5060
168 5037
168 5039
168 5043
169 5076
169 5080
169 5083
169 5085
169 5087
169 5084
169 5068
169 5077
169 5075
169 5093
169 5074
169 5079
169 5081
169 5066
169 5089
169 5078
169 5086
169 5088
169 5070
169 5091
169 5092
169 5082
169 5094
169 5072
169 5073
169 5090
169 5069
169 5067
169 5071
170 5106
170 5110
170 5113
170 5115
170 5117
170 5105
170 5118
170 5097
170 5119
170 5103
170 5123
170 5108
170 5120
170 5101
170 5104
170 5100
170 5124
170 5098
170 5109
170 5107
170 5121
170 5096
170 5099
170 5116
170 5102
170 5125
170 5122
170 5112
170 5114
171 5136
171 5140
171 5143
171 5145
171 5147
171 5133
171 5148
171 5152
171 5155
171 5127
171 5132
171 5129
171 5151
171 5137
171 5149
171 5138
171 5141
171 5153
171 5131
171 5128
171 5139
171 5134
171 5154
171 5126
171 5142
171 5150
171 5144
171 5146
171 5135
172 5166
172 5170
172 5173
172 5175
172 5177
172 5160
172 5172
172 5171
172 5162
172 5176
172 5182
172 5174
172 5178
172 5164
172 5169
172 5165
172 5181
172 5159
172 5156
172 5183
172 5179
172 5161
172 5185
172 5167
172 5180
172 5163
172 5168
172 5157
172 5184
173 5196
173 5200
173 5203
173 5205
173 5207
173 5197
173 5198
173 5210
173 5186
173 5192
173 5209
173 5187
173 5190
173 5201
173 5189
173 5194
173 5214
173 5206
173 5213
173 5208
173 5211
173 5202
173 5195
173 5204
173 5188
173 5193
173 5199
173 5215
173 5191
174 5226
174 5230
174 5233
174 5235
174 5237
174 5228
174 5224
174 5218
174 5244
174 5243
174 5220
174 5219
174 5225
174 5234
174 5222
174 5217
174 5241
174 5229
174 5223
174 5236
174 5221
174 5239
174 5232
174 5231
174 5238
174 5216
174 5227
174 5242
174 5240
175 5256
175 5260
175 5263
175 5265
175 5267
175 5254
175 5275
175 5252
175 5261
175 5271
175 5257
175 5264
175 5246
175 5262
175 5255
175 5274
175 5258
175 5268
175 5250
175 5251
175 5266
175 5273
175 5270
175 5253
175 5269
175 5249
175 5247
175 5248
175 5259
176 5286
176 5290
176 5293
176 5295
176 5297
176 5303
176 5279
176 5302
176 5288
176 5300
176 5299
176 5283
176 5280
176 5284
176 5277
176 5292
176 5305
176 5285
176 5289
176 5291
176 5294
176 5301
176 5304
176 5287
176 5281
176 5298
176 5296
176 5282
176 5278
177 5316
177 5320
177 5323
177 5325
177 5327
177 5308
177 5331
177 5332
177 5330
177 5329
177 5309
177 5317
177 5322
177 5318
177 5334
177 5315
177 5328
177 5333
177 5311
177 5335
177 5319
177 5310
177 5312
177 5307
177 5321
177 5313
177 5306
177 5314
177 5324
178 5346
178 5350
178 5353
178 5355
178 5357
178 5356
178 5339
178 5347
178 5358
178 5360
178 5364
178 5362
178 5349
178 5352
178 5340
178 5359
178 5345
178 5351
178 5348
178 5363
178 5344
178 5343
178 5341
178 5361
178 5336
178 5337
178 5365
178 5338
178 5354
179 5376
179 5380
179 5383
179 5385
179 5387
179 5388
179 5369
179 5377
179 5381
179 5366
179 5367
179 5386
179 5395
179 5392
179 5371
179 5378
179 5389
179 5368
179 5374
179 5391
179 5370
179 5372
179 5382
179 5373
179 5375
179 5393
179 5384
179 5390
179 5379
180 5410
180 5413
180 5415
180 5417
180 5406
180 5419
180 5403
180 5408
180 5416
180 5420
180 5398
180 5402
180 5418
180 5421
180 5414
180 5409
180 5424
180 5422
180 5425
180 5423
180 5407
180 5401
180 5404
180 5396
180 5405
180 5397
180 5411
180 5412
180 5399
181 5440
181 5443
181 5445
181 5447
181 5436
181 5432
181 5442
181 5428
181 5452
181 5444
181 5431
181 5438
181 5433
181 5435
181 5453
181 5439
181 5427
181 5429
181 5455
181 5449
181 5448
181 5451
181 5441
181 5450
181 5437
181 5434
181 5426
181 5454
181 5446
182 5473
182 5475
182 5477
182 5466
182 5470
182 5472
182 5485
182 5467
182 5484
182 5483
182 5456
182 5469
182 5479
182 5480
182 5465
182 5460
182 5481
182 5482
182 5478
182 5461
182 5462
182 5457
182 5468
182 5464
182 5476
182 5458
182 5474
182 5463
182 5471
183 5505
183 5507
183 5496
183 5500
183 5503
183 5499
183 5511
183 5515
183 5506
183 5504
183 5487
183 5509
183 5489
183 5488
183 5492
183 5510
183 5502
183 5514
183 5495
183 5498
183 5491
183 5501
183 5486
183 5513
183 5508
183 5497
183 5512
183 5494
183 5493
184 5537
184 5526
184 5530
184 5533
184 5535
184 5519
184 5520
184 5517
184 5518
184 5538
184 5542
184 5522
184 5545
184 5541
184 5543
184 5544
184 5523
184 5534
184 5531
184 5532
184 5516
184 5521
184 5528
184 5529
184 5524
184 5525
184 5536
184 5539
184 5527
185 5556
185 5560
185 5563
185 5565
185 5567
185 5564
185 5572
185 5559
185 5548
185 5552
185 5573
185 5575
185 5547
185 5554
185 5557
185 5551
185 5566
185 5549
185 5570
185 5558
185 5561
185 5574
185 5550
185 5571
185 5553
185 5569
185 5568
185 5555
185 5546
186 5586
186 5590
186 5593
186 5595
186 5597
186 5588
186 5596
186 5599
186 5604
186 5576
186 5601
186 5581
186 5598
186 5584
186 5582
186 5580
186 5603
186 5578
186 5594
186 5577
186 5589
186 5587
186 5585
186 5605
186 5592
186 5600
186 5591
186 5583
186 5579
187 5616
187 5620
187 5623
187 5625
187 5627
187 5634
187 5610
187 5614
187 5613
187 5631
187 5612
187 5629
187 5633
187 5618
187 5630
187 5606
187 5607
187 5628
187 5609
187 5619
187 5608
187 5624
187 5617
187 5635
187 5622
187 5632
187 5626
187 5611
187 5621
188 5646
188 5650
188 5653
188 5655
188 5657
188 5661
188 5641
188 5649
188 5651
188 5664
188 5637
188 5636
188 5654
188 5648
188 5665
188 5656
188 5644
188 5643
188 5642
188 5660
188 5663
188 5645
188 5659
188 5647
188 5662
188 5640
188 5639
188 5658
188 5638
189 5680
189 5684
189 5686
189 5687
189 5691
189 5682
189 5678
189 5685
189 5676
189 5694
189 5688
189 5690
189 5689
189 5666
189 5669
189 5671
189 5673
189 5672
189 5681
189 5693
189 5675
189 5677
189 5668
189 5683
189 5667
189 5674
189 5670
189 5679
189 5692
190 5705
190 5709
190 5712
190 5714
190 5716
190 5710
190 5718
190 5722
190 5717
190 5711
190 5715
190 5708
190 5723
190 5696
190 5707
190 5724
190 5698
190 5706
190 5697
190 5719
190 5700
190 5713
190 5699
190 5702
190 5703
190 5701
190 5704
190 5695
190 5721
191 5735
191 5739
191 5742
191 5744
191 5746
191 5734
191 5730
191 5737
191 5753
191 5740
191 5728
191 5747
191 5733
191 5751
191 5750
191 5748
191 5754
191 5749
191 5738
191 5725
191 5745
191 5727
191 5731
191 5752
191 5726
191 5729
191 5741
191 5732
191 5743
192 5765
192 5769
192 5772
192 5774
192 5776
192 5771
192 5764
192 5779
192 5778
192 5773
192 5767
192 5775
192 5781
192 5780
192 5766
192 5756
192 5759
192 5763
192 5755
192 5761
192 5782
192 5757
192 5760
192 5783
192 5758
192 5768
192 5770
192 5784
192 5777
193 5795
193 5799
193 5802
193 5804
193 5806
193 5788
193 5801
193 5813
193 5789
193 5792
193 5810
193 5797
193 5814
193 5807
193 5785
193 5800
193 5794
193 5803
193 5787
193 5791
193 5811
193 5798
193 5805
193 5812
193 5786
193 5809
193 5808
193 5790
193 5796
194 5825
194 5829
194 5832
194 5834
194 5836
194 5843
194 5838
194 5841
194 5828
194 5827
194 5839
194 5816
194 5830
194 5826
194 5819
194 5833
194 5835
194 5824
194 5842
194 5822
194 5837
194 5817
194 5820
194 5831
194 5815
194 5823
194 5818
194 5821
194 5840
195 5859
195 5863
195 5865
195 5866
195 5870
195 5853
195 5855
195 5864
195 5848
195 5858
195 5852
195 5860
195 5846
195 5867
195 5871
195 5869
195 5873
195 5847
195 5857
195 5868
195 5861
195 5850
195 5851
195 5856
195 5845
195 5872
195 5862
195 5849
195 5854
196 5888
196 5891
196 5893
196 5895
196 5884
196 5900
196 5899
196 5896
196 5890
196 5874
196 5901
196 5892
196 5887
196 5894
196 5879
196 5898
196 5877
196 5878
196 5883
196 5889
196 5880
196 5903
196 5885
196 5882
196 5886
196 5897
196 5881
196 5875
196 5876
197 5921
197 5923
197 5925
197 5914
197 5918
197 5905
197 5929
197 5916
197 5906
197 5917
197 5928
197 5933
197 5909
197 5907
197 5927
197 5924
197 5919
197 5926
197 5930
197 5913
197 5932
197 5920
197 5912
197 5922
197 5908
197 5911
197 5915
197 5904
197 5931
198 5953
198 5955
198 5944
198 5948
198 5951
198 5952
198 5941
198 5936
198 5934
198 5959
198 5937
198 5939
198 5962
198 5957
198 5961
198 5942
198 5947
198 5949
198 5938
198 5946
198 5958
198 5943
198 5963
198 5940
198 5956
198 5945
198 5954
198 5935
198 5950
199 5985
199 5974
199 5978
199 5981
199 5983
199 5990
199 5965
199 5969
199 5968
199 5987
199 5992
199 5988
199 5980
199 5993
199 5986
199 5977
199 5991
199 5970
199 5989
199 5973
199 5976
199 5982
199 5971
199 5972
199 5975
199 5967
199 5964
199 5984
199 5966
