0 10
0 25
0 22
0 23
0 36
0 24
0 29
0 8
0 39
0 37
0 13
0 14
0 26
0 9
0 3
0 20
0 28
0 34
0 7
0 16
0 32
0 30
0 1
0 2
0 38
0 6
0 35
0 31
0 33
0 5
0 21
0 11
1 41
1 43
1 60
1 63
1 77
1 58
1 62
1 44
1 52
1 76
1 53
1 61
1 56
1 57
1 51
1 78
1 55
1 50
1 48
1 64
1 65
1 79
1 54
1 42
1 40
1 74
1 68
1 45
1 73
1 49
1 72
1 59
2 87
2 89
2 104
2 94
2 82
2 118
2 108
2 113
2 116
2 85
2 106
2 90
2 105
2 111
2 95
2 80
2 117
2 83
2 100
2 96
2 102
2 81
2 115
2 103
2 93
2 84
2 110
2 99
2 86
2 112
2 119
2 97
3 151
3 157
3 120
3 128
3 131
3 155
3 153
3 154
3 125
3 148
3 123
3 146
3 126
3 134
3 159
3 144
3 150
3 138
3 141
3 152
3 132
3 136
3 139
3 158
3 129
3 121
3 147
3 135
3 145
3 133
3 137
3 149
4 179
4 191
4 170
4 177
4 167
4 175
4 174
4 181
4 163
4 172
4 185
4 193
4 195
4 183
4 190
4 164
4 196
4 188
4 180
4 182
4 176
4 173
4 187
4 160
4 199
4 178
4 161
4 192
4 198
4 168
4 186
4 197
5 216
5 207
5 228
5 223
5 219
5 230
5 234
5 201
5 232
5 233
5 202
5 210
5 217
5 239
5 229
5 226
5 235
5 205
5 215
5 206
5 231
5 238
5 213
5 203
5 200
5 221
5 227
5 208
5 218
5 224
5 225
5 222
6 275
6 250
6 253
6 270
6 256
6 268
6 248
6 277
6 278
6 260
6 251
6 274
6 267
6 269
6 246
6 276
6 263
6 261
6 259
6 240
6 264
6 279
6 249
6 243
6 266
6 265
6 258
6 273
6 245
6 271
6 257
6 252
7 298
7 284
7 283
7 304
7 302
7 306
7 307
7 309
7 295
7 316
7 318
7 286
7 319
7 299
7 287
7 310
7 300
7 294
7 296
7 281
7 280
7 305
7 290
7 293
7 292
7 303
7 297
7 313
7 308
7 301
7 314
7 312
8 325
8 352
8 348
8 324
8 336
8 330
8 346
8 353
8 320
8 327
8 341
8 326
8 357
8 358
8 349
8 331
8 334
8 323
8 350
8 332
8 343
8 329
8 339
8 351
8 354
8 340
8 337
8 338
8 321
8 335
8 347
8 344
9 398
9 388
9 379
9 387
9 399
9 377
9 391
9 366
9 386
9 385
9 375
9 373
9 384
9 378
9 365
9 370
9 390
9 374
9 371
9 397
9 369
9 394
9 372
9 382
9 381
9 364
9 363
9 360
9 361
9 389
9 395
9 380
10 423
10 438
10 417
10 414
10 435
10 405
10 419
10 433
10 413
10 407
10 427
10 418
10 408
10 410
10 432
10 439
10 404
10 420
10 402
10 421
10 415
10 428
10 429
10 425
10 437
10 416
10 424
10 411
10 412
10 434
10 400
10 401
11 448
11 440
11 476
11 450
11 462
11 464
11 468
11 463
11 453
11 451
11 470
11 449
11 444
11 458
11 457
11 460
11 477
11 447
11 443
11 479
11 441
11 466
11 471
11 474
11 445
11 472
11 454
11 469
11 467
11 461
11 446
11 459
12 489
12 491
12 482
12 511
12 490
12 496
12 488
12 484
12 487
12 505
12 502
12 498
12 518
12 480
12 481
12 500
12 486
12 483
12 515
12 516
12 512
12 513
12 509
12 499
12 503
12 485
12 506
12 495
12 519
12 501
12 510
12 492
13 530
13 544
13 531
13 520
13 558
13 545
13 527
13 534
13 539
13 525
13 541
13 559
13 543
13 555
13 553
13 528
13 540
13 550
13 532
13 533
13 538
13 523
13 556
13 546
13 557
13 537
13 522
13 554
13 521
13 547
13 548
13 551
14 564
14 563
14 599
14 574
14 584
14 589
14 573
14 590
14 580
14 598
14 579
14 565
14 588
14 591
14 578
14 586
14 575
14 572
14 594
14 576
14 562
14 568
14 561
14 582
14 577
14 593
14 569
14 585
14 566
14 567
14 583
14 570
15 638
15 605
15 629
15 622
15 601
15 637
15 612
15 608
15 639
15 627
15 636
15 634
15 616
15 603
15 635
15 625
15 607
15 606
15 626
15 614
15 619
15 615
15 624
15 621
15 602
15 620
15 618
15 609
15 631
15 628
15 611
15 623
16 643
16 652
16 649
16 662
16 655
16 641
16 666
16 664
16 678
16 646
16 665
16 658
16 651
16 644
16 660
16 668
16 670
16 671
16 669
16 650
16 657
16 676
16 667
16 679
16 675
16 648
16 642
16 661
16 640
16 677
16 673
16 674
17 715
17 681
17 717
17 713
17 714
17 718
17 685
17 711
17 701
17 700
17 699
17 697
17 692
17 695
17 682
17 691
17 693
17 680
17 710
17 704
17 712
17 719
17 696
17 683
17 707
17 687
17 709
17 706
17 694
17 686
17 716
17 705
18 725
18 749
18 746
18 742
18 722
18 758
18 750
18 759
18 747
18 727
18 756
18 753
18 735
18 734
18 755
18 757
18 740
18 745
18 736
18 754
18 752
18 723
18 739
18 732
18 728
18 720
18 730
18 748
18 733
18 741
18 724
18 737
19 788
19 761
19 776
19 786
19 778
19 783
19 790
19 773
19 785
19 787
19 768
19 769
19 780
19 789
19 799
19 795
19 793
19 775
19 763
19 797
19 771
19 796
19 777
19 784
19 794
19 764
19 798
19 760
19 762
19 766
19 791
19 765
20 833
20 827
20 803
20 834
20 806
20 815
20 826
20 836
20 820
20 807
20 838
20 812
20 829
20 822
20 835
20 813
20 814
20 823
20 831
20 817
20 808
20 801
20 809
20 837
20 824
20 828
20 830
20 802
20 804
20 821
20 810
20 825
21 855
21 854
21 868
21 860
21 867
21 853
21 840
21 844
21 865
21 849
21 869
21 864
21 850
21 875
21 859
21 856
21 846
21 841
21 847
21 872
21 851
21 852
21 871
21 870
21 866
21 862
21 842
21 877
21 876
21 845
21 878
21 874
22 891
22 898
22 894
22 890
22 897
22 918
22 887
22 907
22 886
22 904
22 903
22 900
22 884
22 880
22 889
22 916
22 919
22 895
22 906
22 883
22 881
22 910
22 909
22 908
22 901
22 893
22 911
22 917
22 902
22 914
22 892
22 913
23 935
23 936
23 957
23 954
23 955
23 922
23 950
23 932
23 946
23 953
23 941
23 925
23 928
23 947
23 943
23 927
23 958
23 930
23 940
23 924
23 959
23 938
23 929
23 945
23 931
23 923
23 952
23 949
23 921
23 942
23 939
23 937
24 991
24 992
24 968
24 973
24 978
24 961
24 966
24 982
24 970
24 977
24 983
24 989
24 974
24 967
24 963
24 996
24 962
24 976
24 999
24 960
24 990
24 964
24 979
24 987
24 986
24 988
24 971
24 993
24 995
24 994
24 975
24 998
25 1038
25 1006
25 1008
25 1039
25 1012
25 1002
25 1023
25 1010
25 1033
25 1005
25 1014
25 1015
25 1020
25 1029
25 1034
25 1016
25 1000
25 1007
25 1004
25 1022
25 1011
25 1036
25 1028
25 1017
25 1001
25 1018
25 1035
25 1019
25 1030
25 1032
25 1021
25 1037
26 1052
26 1050
26 1060
26 1058
26 1066
26 1054
26 1065
26 1043
26 1072
26 1061
26 1041
26 1045
26 1055
26 1079
26 1046
26 1044
26 1071
26 1063
26 1074
26 1047
26 1073
26 1078
26 1062
26 1057
26 1059
26 1077
26 1051
26 1056
26 1069
26 1048
26 1064
26 1067
27 1104
27 1100
27 1109
27 1103
27 1084
27 1090
27 1099
27 1112
27 1086
27 1080
27 1083
27 1091
27 1102
27 1114
27 1101
27 1087
27 1081
27 1093
27 1116
27 1117
27 1096
27 1118
27 1111
27 1085
27 1108
27 1113
27 1082
27 1092
27 1097
27 1094
27 1115
27 1105
28 1146
28 1135
28 1157
28 1149
28 1150
28 1140
28 1158
28 1153
28 1129
28 1138
28 1155
28 1141
28 1139
28 1154
28 1122
28 1127
28 1134
28 1132
28 1147
28 1144
28 1126
28 1152
28 1130
28 1136
28 1151
28 1145
28 1143
28 1133
28 1148
28 1124
28 1142
28 1123
29 1198
29 1184
29 1161
29 1179
29 1172
29 1187
29 1173
29 1170
29 1183
29 1167
29 1195
29 1192
29 1189
29 1177
29 1180
29 1178
29 1171
29 1166
29 1185
29 1193
29 1162
29 1164
29 1190
29 1188
29 1169
29 1199
29 1168
29 1163
29 1197
29 1165
29 1182
29 1160
30 1226
30 1204
30 1219
30 1229
30 1235
30 1236
30 1216
30 1230
30 1233
30 1213
30 1208
30 1224
30 1227
30 1237
30 1210
30 1222
30 1215
30 1209
30 1238
30 1200
30 1211
30 1205
30 1203
30 1231
30 1202
30 1234
30 1225
30 1221
30 1223
30 1217
30 1206
30 1228
31 1267
31 1252
31 1255
31 1274
31 1276
31 1279
31 1263
31 1265
31 1244
31 1253
31 1266
31 1243
31 1270
31 1262
31 1275
31 1273
31 1241
31 1259
31 1248
31 1257
31 1251
31 1271
31 1254
31 1268
31 1256
31 1278
31 1245
31 1258
31 1264
31 1261
31 1272
31 1240
32 1315
32 1313
32 1316
32 1318
32 1282
32 1308
32 1281
32 1303
32 1288
32 1299
32 1297
32 1284
32 1310
32 1290
32 1314
32 1280
32 1312
32 1291
32 1283
32 1306
32 1305
32 1294
32 1295
32 1319
32 1307
32 1285
32 1309
32 1293
32 1298
32 1287
32 1301
32 1286
33 1338
33 1330
33 1336
33 1359
33 1324
33 1327
33 1326
33 1337
33 1346
33 1356
33 1321
33 1352
33 1348
33 1339
33 1320
33 1353
33 1345
33 1344
33 1335
33 1358
33 1331
33 1347
33 1341
33 1340
33 1342
33 1322
33 1332
33 1343
33 1350
33 1351
33 1323
33 1349
34 1367
34 1387
34 1376
34 1363
34 1393
34 1384
34 1391
34 1398
34 1396
34 1394
34 1365
34 1372
34 1380
34 1397
34 1373
34 1375
34 1399
34 1374
34 1366
34 1385
34 1371
34 1377
34 1362
34 1364
34 1388
34 1378
34 1389
34 1395
34 1386
34 1360
34 1383
34 1379
35 1438
35 1401
35 1420
35 1421
35 1426
35 1410
35 1411
35 1415
35 1402
35 1406
35 1433
35 1437
35 1418
35 1425
35 1412
35 1414
35 1408
35 1405
35 1424
35 1416
35 1436
35 1435
35 1423
35 1428
35 1403
35 1417
35 1429
35 1407
35 1409
35 1427
35 1422
35 1431
36 1457
36 1475
36 1465
36 1455
36 1461
36 1456
36 1452
36 1471
36 1442
36 1441
36 1451
36 1468
36 1448
36 1462
36 1464
36 1458
36 1449
36 1445
36 1479
36 1477
36 1463
36 1454
36 1470
36 1476
36 1444
36 1478
36 1447
36 1460
36 1466
36 1469
36 1443
36 1453
37 1505
37 1518
37 1484
37 1519
37 1510
37 1511
37 1488
37 1500
37 1512
37 1506
37 1499
37 1494
37 1485
37 1491
37 1486
37 1481
37 1514
37 1480
37 1508
37 1498
37 1495
37 1507
37 1482
37 1483
37 1504
37 1515
37 1497
37 1489
37 1516
37 1509
37 1517
37 1493
38 1522
38 1548
38 1545
38 1558
38 1544
38 1540
38 1555
38 1552
38 1535
38 1559
38 1529
38 1554
38 1557
38 1541
38 1556
38 1542
38 1546
38 1524
38 1525
38 1534
38 1553
38 1532
38 1537
38 1520
38 1531
38 1530
38 1526
38 1550
38 1543
38 1527
38 1547
38 1549
39 1577
39 1593
39 1578
39 1589
39 1564
39 1592
39 1598
39 1560
39 1588
39 1572
39 1599
39 1583
39 1586
39 1573
39 1597
39 1567
39 1590
39 1595
39 1580
39 1587
39 1585
39 1568
39 1561
39 1584
39 1581
39 1591
39 1569
39 1576
39 1563
39 1574
39 1594
39 1562
40 1601
40 1636
40 1612
40 1608
40 1620
40 1622
40 1617
40 1638
40 1603
40 1614
40 1627
40 1606
40 1600
40 1625
40 1621
40 1637
40 1630
40 1602
40 1610
40 1632
40 1624
40 1626
40 1615
40 1605
40 1619
40 1629
40 1607
40 1623
40 1631
40 1609
40 1633
40 1635
41 1670
41 1646
41 1679
41 1657
41 1642
41 1660
41 1677
41 1644
41 1667
41 1654
41 1655
41 1674
41 1661
41 1665
41 1647
41 1663
41 1672
41 1653
41 1659
41 1666
41 1656
41 1662
41 1671
41 1652
41 1641
41 1664
41 1650
41 1673
41 1669
41 1658
41 1668
41 1645
42 1685
42 1695
42 1710
42 1690
42 1694
42 1715
42 1686
42 1706
42 1709
42 1705
42 1687
42 1714
42 1711
42 1692
42 1696
42 1699
42 1713
42 1693
42 1716
42 1712
42 1707
42 1681
42 1708
42 1684
42 1691
42 1698
42 1697
42 1680
42 1704
42 1683
42 1718
42 1702
43 1753
43 1748
43 1745
43 1759
43 1733
43 1751
43 1754
43 1736
43 1756
43 1729
43 1734
43 1738
43 1746
43 1739
43 1758
43 1749
43 1744
43 1735
43 1722
43 1743
43 1732
43 1726
43 1723
43 1755
43 1757
43 1742
43 1740
43 1752
43 1731
43 1730
43 1727
43 1741
44 1799
44 1767
44 1763
44 1774
44 1785
44 1791
44 1766
44 1780
44 1796
44 1783
44 1787
44 1765
44 1781
44 1760
44 1797
44 1772
44 1777
44 1792
44 1779
44 1770
44 1771
44 1789
44 1773
44 1795
44 1778
44 1762
44 1764
44 1788
44 1786
44 1768
44 1782
44 1761
45 1807
45 1837
45 1806
45 1810
45 1815
45 1822
45 1823
45 1809
45 1833
45 1835
45 1820
45 1836
45 1831
45 1818
45 1800
45 1839
45 1830
45 1803
45 1832
45 1827
45 1829
45 1819
45 1802
45 1804
45 1825
45 1826
45 1817
45 1834
45 1811
45 1808
45 1816
45 1805
46 1878
46 1871
46 1843
46 1845
46 1865
46 1875
46 1870
46 1863
46 1847
46 1854
46 1848
46 1879
46 1841
46 1860
46 1872
46 1846
46 1859
46 1856
46 1852
46 1840
46 1855
46 1866
46 1861
46 1858
46 1874
46 1876
46 1851
46 1853
46 1867
46 1842
46 1877
46 1844
