0 4189
0 9451
0 9648
0 421
0 1816
0 5265
0 7719
0 11133
0 11085
0 8143
0 11097
0 15740
0 9318
0 9059
0 12799
0 5098
0 1122
0 7082
0 2052
0 812
0 12722
0 5126
0 1776
0 14766
0 182
0 12948
0 6243
0 4332
0 10749
0 11710
0 3689
0 2108
1 15836
1 11396
1 1074
1 8734
1 14206
1 8649
1 13535
1 12583
1 14406
1 15866
1 1985
1 3869
1 7615
1 14632
1 922
1 3401
1 4926
1 14964
1 13884
1 15285
1 9738
1 3256
1 6087
1 4476
1 2313
1 6899
1 14909
1 6344
1 10651
1 9202
1 15845
1 9203
2 10661
2 9831
2 9597
2 11502
2 5679
2 10457
2 13394
2 3456
2 14177
2 5439
2 3458
2 12906
2 9768
2 9945
2 5043
2 10452
2 7203
2 8575
2 1046
2 16008
2 7837
2 12965
2 13223
2 15704
2 9564
2 10428
2 13296
2 2189
2 10485
2 13502
2 7075
2 13750
3 12453
3 5870
3 3856
3 14171
3 10605
3 4542
3 5740
3 11666
3 5223
3 14399
3 7090
3 11021
3 10987
3 1905
3 4218
3 7547
3 12418
3 9234
3 3977
3 5019
3 6088
3 1461
3 4206
3 13583
3 7111
3 6629
3 5631
3 10089
3 5447
3 8373
3 6006
3 5109
4 12694
4 2724
4 14527
4 11654
4 38
4 11455
4 3302
4 3691
4 1348
4 6014
4 16015
4 3631
4 5939
4 10313
4 10111
4 8736
4 16051
4 7872
4 15470
4 13163
4 3156
4 4607
4 2964
4 12757
4 8952
4 11922
4 15749
4 15410
4 4000
4 10649
4 11611
4 11836
5 14345
5 8592
5 318
5 12040
5 15777
5 8396
5 14208
5 11755
5 6595
5 116
5 2303
5 13026
5 14472
5 10375
5 7853
5 1264
5 1136
5 5432
5 6079
5 12138
5 11500
5 15459
5 4427
5 13549
5 9484
5 1169
5 4752
5 12283
5 6144
5 10730
5 3651
5 13673
6 9475
6 15784
6 11732
6 13944
6 3189
6 9481
6 13158
6 5089
6 2298
6 3756
6 13222
6 16001
6 9322
6 5744
6 16041
6 10200
6 6054
6 13550
6 6947
6 6969
6 14862
6 8505
6 15177
6 2611
6 3359
6 11132
6 11171
6 14526
6 11324
6 11891
6 2348
6 7364
7 10584
7 11703
7 11255
7 8407
7 10819
7 2533
7 9339
7 10173
7 381
7 12471
7 10703
7 10230
7 2302
7 6722
7 7874
7 15156
7 12145
7 10932
7 5336
7 9615
7 4682
7 14699
7 12037
7 14013
7 13034
7 12517
7 3283
7 13636
7 10021
7 1912
7 15640
7 2057
8 7322
8 7866
8 11281
8 2132
8 843
8 8713
8 6533
8 15765
8 9306
8 4216
8 779
8 4552
8 10726
8 8795
8 11056
8 12786
8 13954
8 991
8 11192
8 10004
8 745
8 6997
8 14448
8 4229
8 10183
8 9252
8 123
8 11919
8 12231
8 3876
8 147
8 15226
9 3439
9 579
9 8959
9 10161
9 14749
9 15896
9 13796
9 4997
9 4810
9 15363
9 3441
9 5501
9 13403
9 6084
9 10673
9 14411
9 1723
9 13774
9 3468
9 5739
9 7443
9 14153
9 5915
9 14987
9 15351
9 10014
9 10787
9 2350
9 1719
9 10929
9 7656
9 6333
