0 5
0 31
0 7
0 17
0 30
0 28
0 25
0 22
0 27
0 26
0 19
0 0
0 15
0 14
0 23
0 8
0 24
0 2
0 21
0 18
0 9
0 32
0 12
0 33
0 13
0 4
0 1
0 10
0 11
0 20
0 29
0 3
1 47
1 49
1 54
1 34
1 38
1 63
1 48
1 57
1 45
1 52
1 40
1 41
1 51
1 50
1 59
1 35
1 42
1 43
1 58
1 61
1 65
1 62
1 64
1 44
1 46
1 39
1 66
1 37
1 36
1 55
1 56
1 53
2 92
2 69
2 86
2 78
2 93
2 99
2 77
2 67
2 96
2 95
2 85
2 71
2 68
2 90
2 89
2 73
2 87
2 82
2 88
2 72
2 74
2 79
2 75
2 97
2 94
2 84
2 70
2 83
2 91
2 76
2 81
2 80
3 106
3 107
3 123
3 101
3 129
3 122
3 119
3 126
3 104
3 116
3 110
3 105
3 118
3 127
3 121
3 100
3 114
3 109
3 132
3 131
3 130
3 112
3 128
3 102
3 103
3 120
3 125
3 111
3 113
3 133
3 117
3 115
4 135
4 149
4 142
4 151
4 150
4 159
4 166
4 160
4 153
4 137
4 161
4 143
4 162
4 158
4 163
4 138
4 144
4 147
4 146
4 140
4 164
4 152
4 156
4 139
4 141
4 165
4 148
4 136
4 155
4 154
4 134
4 157
5 181
5 167
5 193
5 171
5 172
5 191
5 197
5 182
5 176
5 192
5 168
5 174
5 173
5 189
5 195
5 180
5 199
5 196
5 170
5 177
5 187
5 179
5 169
5 178
5 183
5 198
5 194
5 184
5 185
5 188
5 190
5 186
6 212
6 211
6 203
6 223
6 215
6 209
6 219
6 218
6 205
6 214
6 227
6 208
6 221
6 222
6 231
6 204
6 201
6 224
6 229
6 220
6 207
6 213
6 232
6 225
6 228
6 210
6 230
6 216
6 226
6 206
6 200
6 233
7 242
7 234
7 256
7 258
7 255
7 241
7 236
7 260
7 263
7 259
7 237
7 251
7 261
7 249
7 243
7 252
7 257
7 245
7 238
7 239
7 265
7 266
7 235
7 253
7 247
7 250
7 244
7 246
7 240
7 254
7 262
7 248
8 297
8 280
8 271
8 285
8 295
8 286
8 277
8 283
8 292
8 299
8 278
8 296
8 298
8 293
8 269
8 281
8 268
8 294
8 272
8 282
8 284
8 287
8 291
8 274
8 288
8 289
8 279
8 267
8 270
8 290
8 273
8 275
9 308
9 324
9 311
9 307
9 312
9 302
9 323
9 320
9 303
9 332
9 328
9 319
9 326
9 310
9 314
9 301
9 313
9 333
9 327
9 316
9 305
9 317
9 306
9 304
9 318
9 309
9 325
9 322
9 330
9 321
9 315
9 331
10 346
10 359
10 349
10 351
10 365
10 361
10 358
10 345
10 348
10 339
10 335
10 336
10 342
10 340
10 364
10 338
10 354
10 362
10 363
10 355
10 337
10 347
10 344
10 341
10 353
10 360
10 366
10 343
10 350
10 352
10 357
10 334
11 368
11 375
11 382
11 383
11 381
11 384
11 385
11 396
11 394
11 398
11 391
11 395
11 393
11 372
11 378
11 371
11 388
11 386
11 373
11 370
11 369
11 399
11 392
11 389
11 367
11 397
11 377
11 380
11 376
11 387
11 374
11 379
12 433
12 406
12 402
12 411
12 415
12 424
12 426
12 419
12 427
12 408
12 405
12 418
12 404
12 431
12 412
12 417
12 409
12 416
12 410
12 400
12 430
12 432
12 420
12 401
12 429
12 413
12 428
12 422
12 423
12 425
12 403
12 407
13 455
13 445
13 457
13 460
13 443
13 459
13 461
13 437
13 438
13 446
13 442
13 444
13 440
13 464
13 447
13 452
13 456
13 450
13 463
13 454
13 453
13 465
13 435
13 451
13 436
13 439
13 434
13 462
13 441
13 448
13 449
13 466
14 494
14 488
14 492
14 471
14 484
14 470
14 495
14 477
14 467
14 489
14 487
14 493
14 468
14 498
14 496
14 497
14 469
14 475
14 483
14 486
14 480
14 473
14 479
14 474
14 499
14 472
14 490
14 491
14 476
14 481
14 478
14 485
15 504
15 522
15 514
15 516
15 509
15 511
15 532
15 501
15 525
15 526
15 513
15 523
15 508
15 533
15 507
15 531
15 503
15 529
15 506
15 517
15 524
15 521
15 505
15 527
15 530
15 510
15 518
15 502
15 519
15 515
15 512
15 528
16 549
16 547
16 555
16 546
16 543
16 553
16 545
16 534
16 542
16 566
16 552
16 541
16 558
16 538
16 539
16 564
16 537
16 551
16 548
16 561
16 554
16 544
16 562
16 560
16 536
16 565
16 540
16 563
16 559
16 550
16 557
16 535
17 592
17 567
17 572
17 596
17 570
17 589
17 571
17 595
17 579
17 598
17 587
17 590
17 588
17 573
17 599
17 569
17 578
17 597
17 582
17 585
17 594
17 568
17 586
17 584
17 591
17 577
17 575
17 581
17 580
17 576
17 593
17 583
18 633
18 607
18 628
18 611
18 606
18 610
18 631
18 614
18 618
18 619
18 603
18 624
18 609
18 605
18 600
18 612
18 616
18 627
18 625
18 632
18 629
18 613
18 623
18 621
18 615
18 630
18 626
18 608
18 622
18 617
18 620
18 604
19 650
19 636
19 661
19 658
19 640
19 657
19 647
19 651
19 649
19 646
19 665
19 652
19 660
19 642
19 643
19 639
19 666
19 653
19 654
19 638
19 637
19 655
19 635
19 664
19 634
19 648
19 656
19 645
19 659
19 662
19 663
19 641
20 683
20 669
20 689
20 691
20 699
20 678
20 698
20 696
20 682
20 684
20 679
20 686
20 675
20 667
20 695
20 694
20 685
20 671
20 692
20 670
20 681
20 690
20 668
20 697
20 680
20 693
20 687
20 672
20 677
20 676
20 673
20 674
21 721
21 705
21 718
21 706
21 725
21 723
21 733
21 715
21 703
21 702
21 728
21 711
21 731
21 701
21 704
21 717
21 714
21 724
21 732
21 708
21 719
21 730
21 720
21 713
21 710
21 716
21 707
21 700
21 722
21 729
21 727
21 726
22 752
22 740
22 739
22 751
22 758
22 756
22 738
22 744
22 735
22 746
22 765
22 749
22 743
22 741
22 755
22 742
22 763
22 757
22 737
22 745
22 750
22 760
22 747
22 764
22 762
22 748
22 754
22 766
22 753
22 736
22 759
22 734
23 794
23 788
23 786
23 777
23 769
23 767
23 783
23 792
23 795
23 799
23 797
23 771
23 784
23 768
23 772
23 787
23 793
23 774
23 785
23 773
23 796
23 798
23 779
23 782
23 789
23 790
23 780
23 781
23 778
23 775
23 791
23 770
24 811
24 813
24 808
24 803
24 820
24 816
24 824
24 815
24 807
24 826
24 830
24 809
24 825
24 831
24 812
24 814
24 804
24 805
24 821
24 827
24 822
24 817
24 810
24 801
24 818
24 800
24 828
24 832
24 819
24 833
24 823
24 802
25 858
25 842
25 857
25 849
25 838
25 866
25 864
25 834
25 850
25 841
25 835
25 840
25 839
25 854
25 847
25 845
25 860
25 836
25 861
25 853
25 843
25 865
25 856
25 852
25 846
25 844
25 862
25 837
25 863
25 859
25 855
25 851
26 884
26 867
26 875
26 889
26 894
26 869
26 899
26 874
26 887
26 892
26 872
26 896
26 876
26 882
26 883
26 878
26 881
26 880
26 868
26 895
26 886
26 871
26 888
26 879
26 873
26 870
26 877
26 891
26 890
26 885
26 898
26 897
27 910
27 907
27 920
27 919
27 916
27 912
27 900
27 902
27 917
27 903
27 926
27 901
27 915
27 921
27 905
27 911
27 929
27 925
27 918
27 908
27 913
27 922
27 923
27 932
27 931
27 904
27 906
27 928
27 933
27 930
27 927
27 924
28 940
28 957
28 945
28 953
28 947
28 937
28 948
28 962
28 965
28 955
28 935
28 961
28 963
28 936
28 960
28 939
28 951
28 966
28 938
28 944
28 946
28 958
28 964
28 959
28 954
28 941
28 952
28 956
28 942
28 950
28 934
28 949
29 970
29 990
29 975
29 980
29 994
29 976
29 987
29 989
29 968
29 982
29 996
29 986
29 981
29 973
29 992
29 991
29 984
29 988
29 967
29 983
29 971
29 979
29 995
29 985
29 999
29 993
29 974
29 998
29 972
29 969
29 977
29 978
30 1017
30 1032
30 1020
30 1019
30 1003
30 1033
30 1031
30 1026
30 1007
30 1013
30 1023
30 1022
30 1008
30 1016
30 1006
30 1014
30 1012
30 1011
30 1024
30 1001
30 1000
30 1028
30 1021
30 1002
30 1029
30 1025
30 1005
30 1004
30 1027
30 1015
30 1010
30 1030
31 1062
31 1060
31 1035
31 1063
31 1041
31 1040
31 1061
31 1054
31 1065
31 1049
31 1046
31 1037
31 1058
31 1064
31 1048
31 1043
31 1044
31 1036
31 1045
31 1047
31 1059
31 1038
31 1053
31 1057
31 1042
31 1052
31 1051
31 1050
31 1055
31 1034
31 1056
31 1039
32 1080
32 1084
32 1076
32 1093
32 1085
32 1089
32 1068
32 1088
32 1081
32 1098
32 1072
32 1073
32 1099
32 1094
32 1091
32 1090
32 1070
32 1078
32 1092
32 1096
32 1079
32 1097
32 1069
32 1074
32 1095
32 1075
32 1087
32 1077
32 1071
32 1083
32 1086
32 1067
33 1129
33 1116
33 1103
33 1121
33 1113
33 1105
33 1107
33 1102
33 1120
33 1101
33 1127
33 1128
33 1118
33 1100
33 1115
33 1126
33 1114
33 1130
33 1109
33 1119
33 1111
33 1112
33 1125
33 1132
33 1131
33 1104
33 1122
33 1117
33 1106
33 1124
33 1133
33 1110
34 1137
34 1136
34 1144
34 1134
34 1145
34 1149
34 1150
34 1140
34 1152
34 1166
34 1138
34 1163
34 1151
34 1139
34 1160
34 1156
34 1143
34 1162
34 1164
34 1155
34 1146
34 1147
34 1154
34 1161
34 1165
34 1135
34 1153
34 1159
34 1148
34 1141
34 1157
34 1142
35 1176
35 1186
35 1197
35 1188
35 1190
35 1192
35 1198
35 1175
35 1199
35 1194
35 1193
35 1178
35 1196
35 1177
35 1195
35 1184
35 1180
35 1182
35 1183
35 1168
35 1179
35 1181
35 1167
35 1191
35 1170
35 1185
35 1174
35 1189
35 1173
35 1169
35 1172
35 1171
36 1214
36 1228
36 1223
36 1210
36 1233
36 1211
36 1222
36 1206
36 1218
36 1220
36 1230
36 1204
36 1200
36 1227
36 1208
36 1232
36 1205
36 1209
36 1212
36 1231
36 1224
36 1202
36 1201
36 1215
36 1213
36 1216
36 1225
36 1207
36 1219
36 1221
36 1203
36 1229
37 1245
37 1256
37 1254
37 1234
37 1263
37 1237
37 1247
37 1236
37 1238
37 1264
37 1252
37 1266
37 1260
37 1249
37 1244
37 1250
37 1242
37 1241
37 1259
37 1243
37 1246
37 1248
37 1235
37 1239
37 1251
37 1253
37 1262
37 1240
37 1255
37 1257
37 1265
37 1258
38 1269
38 1295
38 1289
38 1267
38 1288
38 1274
38 1268
38 1277
38 1292
38 1275
38 1299
38 1294
38 1291
38 1281
38 1290
38 1280
38 1283
38 1272
38 1270
38 1271
38 1287
38 1285
38 1293
38 1278
38 1284
38 1276
38 1279
38 1282
38 1298
38 1296
38 1273
38 1297
39 1320
39 1313
39 1330
39 1302
39 1326
39 1322
39 1324
39 1306
39 1328
39 1307
39 1323
39 1331
39 1317
39 1325
39 1310
39 1300
39 1327
39 1303
39 1332
39 1314
39 1333
39 1319
39 1312
39 1318
39 1329
39 1316
39 1305
39 1304
39 1311
39 1309
39 1321
39 1301
40 1345
40 1352
40 1355
40 1346
40 1351
40 1350
40 1357
40 1354
40 1359
40 1334
40 1341
40 1349
40 1356
40 1347
40 1361
40 1336
40 1353
40 1337
40 1338
40 1364
40 1362
40 1366
40 1342
40 1344
40 1343
40 1335
40 1348
40 1358
40 1339
40 1340
40 1360
40 1365
41 1391
41 1369
41 1389
41 1393
41 1368
41 1383
41 1397
41 1371
41 1375
41 1376
41 1392
41 1370
41 1372
41 1386
41 1399
41 1367
41 1380
41 1395
41 1381
41 1398
41 1390
41 1379
41 1374
41 1382
41 1387
41 1385
41 1384
41 1394
41 1396
41 1388
41 1378
41 1377
42 1422
42 1402
42 1432
42 1401
42 1421
42 1431
42 1433
42 1426
42 1410
42 1425
42 1429
42 1424
42 1430
42 1418
42 1414
42 1416
42 1403
42 1404
42 1405
42 1406
42 1409
42 1420
42 1408
42 1423
42 1411
42 1419
42 1412
42 1407
42 1400
42 1427
42 1417
42 1413
43 1463
43 1455
43 1466
43 1456
43 1445
43 1449
43 1444
43 1461
43 1435
43 1439
43 1436
43 1465
43 1450
43 1458
43 1447
43 1442
43 1437
43 1451
43 1454
43 1441
43 1443
43 1460
43 1440
43 1438
43 1448
43 1457
43 1434
43 1462
43 1446
43 1464
43 1459
43 1452
44 1493
44 1480
44 1467
44 1484
44 1475
44 1486
44 1478
44 1473
44 1482
44 1471
44 1492
44 1495
44 1481
44 1476
44 1477
44 1469
44 1468
44 1472
44 1488
44 1470
44 1483
44 1485
44 1489
44 1490
44 1479
44 1496
44 1474
44 1494
44 1499
44 1497
44 1491
44 1487
45 1515
45 1508
45 1502
45 1513
45 1524
45 1516
45 1506
45 1525
45 1529
45 1500
45 1520
45 1521
45 1503
45 1509
45 1507
45 1530
45 1532
45 1527
45 1510
45 1504
45 1528
45 1505
45 1517
45 1518
45 1501
45 1531
45 1512
45 1522
45 1514
45 1523
45 1511
45 1519
46 1537
46 1556
46 1559
46 1558
46 1543
46 1554
46 1538
46 1535
46 1547
46 1565
46 1551
46 1550
46 1540
46 1545
46 1553
46 1560
46 1539
46 1534
46 1563
46 1561
46 1555
46 1544
46 1548
46 1536
46 1566
46 1557
46 1552
46 1541
46 1564
46 1542
46 1549
46 1562
47 1574
47 1589
47 1568
47 1590
47 1572
47 1580
47 1582
47 1576
47 1586
47 1598
47 1585
47 1578
47 1567
47 1573
47 1584
47 1597
47 1595
47 1599
47 1581
47 1596
47 1587
47 1592
47 1570
47 1577
47 1588
47 1593
47 1594
47 1583
47 1569
47 1571
47 1575
47 1579
48 1625
48 1623
48 1602
48 1622
48 1627
48 1616
48 1600
48 1621
48 1614
48 1624
48 1605
48 1618
48 1604
48 1610
48 1633
48 1601
48 1619
48 1617
48 1630
48 1631
48 1607
48 1603
48 1615
48 1609
48 1612
48 1611
48 1626
48 1606
48 1632
48 1628
48 1629
48 1620
49 1661
49 1646
49 1640
49 1642
49 1637
49 1663
49 1641
49 1644
49 1639
49 1659
49 1635
49 1647
49 1653
49 1664
49 1634
49 1655
49 1636
49 1650
49 1649
49 1657
49 1654
49 1660
49 1665
49 1638
49 1666
49 1651
49 1643
49 1645
49 1656
49 1658
49 1662
49 1652
50 1669
50 1680
50 1685
50 1693
50 1674
50 1699
50 1678
50 1696
50 1692
50 1684
50 1690
50 1672
50 1688
50 1694
50 1667
50 1679
50 1676
50 1695
50 1697
50 1683
50 1681
50 1671
50 1677
50 1670
50 1668
50 1689
50 1675
50 1686
50 1691
50 1698
50 1687
50 1682
51 1715
51 1710
51 1711
51 1720
51 1723
51 1730
51 1708
51 1733
51 1701
51 1728
51 1716
51 1712
51 1726
51 1709
51 1727
51 1704
51 1718
51 1732
51 1705
51 1724
51 1729
51 1722
51 1725
51 1713
51 1719
51 1714
51 1721
51 1702
51 1703
51 1717
51 1731
51 1700
52 1738
52 1752
52 1751
52 1745
52 1748
52 1741
52 1735
52 1760
52 1754
52 1756
52 1766
52 1757
52 1753
52 1740
52 1755
52 1744
52 1765
52 1761
52 1759
52 1764
52 1758
52 1737
52 1736
52 1763
52 1734
52 1749
52 1762
52 1747
52 1739
52 1750
52 1742
52 1743
53 1786
53 1794
53 1797
53 1769
53 1795
53 1799
53 1788
53 1796
53 1792
53 1772
53 1780
53 1798
53 1789
53 1793
53 1781
53 1774
53 1771
53 1773
53 1777
53 1785
53 1782
53 1778
53 1776
53 1779
53 1790
53 1783
53 1784
53 1768
53 1770
53 1775
53 1791
53 1767
54 1809
54 1821
54 1825
54 1827
54 1803
54 1811
54 1828
54 1810
54 1816
54 1831
54 1802
54 1807
54 1819
54 1804
54 1805
54 1830
54 1829
54 1832
54 1818
54 1823
54 1806
54 1824
54 1812
54 1815
54 1817
54 1813
54 1822
54 1833
54 1814
54 1800
54 1826
54 1801
55 1864
55 1858
55 1863
55 1865
55 1859
55 1838
55 1840
55 1855
55 1837
55 1862
55 1847
55 1848
55 1866
55 1844
55 1842
55 1839
55 1852
55 1836
55 1860
55 1849
55 1854
55 1851
55 1835
55 1834
55 1853
55 1846
55 1856
55 1857
55 1843
55 1861
55 1841
55 1850
56 1886
56 1892
56 1878
56 1899
56 1869
56 1872
56 1873
56 1897
56 1895
56 1879
56 1894
56 1884
56 1870
56 1890
56 1881
56 1875
56 1882
56 1888
56 1896
56 1877
56 1891
56 1871
56 1893
56 1889
56 1885
56 1887
56 1880
56 1867
56 1868
56 1876
56 1898
56 1874
57 1933
57 1925
57 1931
57 1905
57 1918
57 1903
57 1923
57 1930
57 1910
57 1909
57 1900
57 1915
57 1932
57 1901
57 1928
57 1921
57 1908
57 1919
57 1929
57 1906
57 1922
57 1927
57 1917
57 1911
57 1913
57 1920
57 1914
57 1926
57 1904
57 1902
57 1907
57 1916
58 1935
58 1936
58 1941
58 1965
58 1946
58 1952
58 1937
58 1942
58 1939
58 1958
58 1940
58 1934
58 1957
58 1956
58 1951
58 1938
58 1950
58 1943
58 1961
58 1963
58 1966
58 1953
58 1948
58 1947
58 1949
58 1955
58 1944
58 1959
58 1945
58 1954
58 1962
58 1960
59 1968
59 1984
59 1989
59 1995
59 1998
59 1987
59 1976
59 1988
59 1967
59 1993
59 1997
59 1978
59 1979
59 1973
59 1981
59 1983
59 1972
59 1970
59 1992
59 1974
59 1969
59 1985
59 1986
59 1982
59 1999
59 1980
59 1994
59 1990
59 1975
59 1996
59 1971
59 1977
60 2000
60 2019
60 2014
60 2022
60 2030
60 2009
60 2026
60 2028
60 2002
60 2032
60 2008
60 2029
60 2007
60 2027
60 2023
60 2017
60 2033
60 2013
60 2015
60 2001
60 2006
60 2021
60 2031
60 2024
60 2004
60 2012
60 2020
60 2005
60 2003
60 2025
60 2011
60 2016
61 2062
61 2057
61 2050
61 2034
61 2046
61 2045
61 2059
61 2038
61 2054
61 2036
61 2043
61 2049
61 2056
61 2035
61 2058
61 2060
61 2039
61 2042
61 2065
61 2044
61 2061
61 2063
61 2055
61 2066
61 2037
61 2051
61 2047
61 2052
61 2041
61 2064
61 2053
61 2048
62 2078
62 2094
62 2067
62 2071
62 2084
62 2085
62 2076
62 2098
62 2074
62 2080
62 2090
62 2087
62 2079
62 2072
62 2096
62 2088
62 2081
62 2082
62 2086
62 2073
62 2077
62 2083
62 2099
62 2095
62 2097
62 2069
62 2092
62 2091
62 2089
62 2068
62 2093
62 2070
63 2113
63 2101
63 2116
63 2106
63 2102
63 2124
63 2121
63 2100
63 2119
63 2131
63 2117
63 2127
63 2111
63 2108
63 2132
63 2128
63 2105
63 2129
63 2133
63 2120
63 2126
63 2103
63 2114
63 2112
63 2109
63 2104
63 2122
63 2125
63 2118
63 2115
63 2130
63 2110
64 2146
64 2166
64 2135
64 2140
64 2152
64 2164
64 2139
64 2151
64 2138
64 2141
64 2144
64 2134
64 2147
64 2156
64 2154
64 2143
64 2163
64 2142
64 2161
64 2153
64 2160
64 2149
64 2158
64 2155
64 2159
64 2137
64 2157
64 2150
64 2165
64 2145
64 2148
64 2136
65 2193
65 2184
65 2179
65 2171
65 2168
65 2183
65 2175
65 2189
65 2176
65 2181
65 2197
65 2185
65 2177
65 2178
65 2191
65 2186
65 2194
65 2192
65 2187
65 2173
65 2169
65 2174
65 2196
65 2172
65 2182
65 2190
65 2195
65 2199
65 2188
65 2180
65 2167
65 2170
66 2228
66 2204
66 2216
66 2205
66 2221
66 2229
66 2226
66 2224
66 2202
66 2210
66 2225
66 2227
66 2220
66 2232
66 2211
66 2213
66 2208
66 2215
66 2200
66 2222
66 2233
66 2219
66 2209
66 2217
66 2201
66 2212
66 2214
66 2231
66 2207
66 2230
66 2206
66 2203
67 2263
67 2250
67 2259
67 2248
67 2241
67 2242
67 2240
67 2252
67 2239
67 2245
67 2253
67 2257
67 2260
67 2256
67 2261
67 2265
67 2249
67 2254
67 2244
67 2251
67 2235
67 2237
67 2255
67 2264
67 2258
67 2246
67 2234
67 2243
67 2247
67 2236
67 2266
67 2262
68 2299
68 2271
68 2267
68 2273
68 2289
68 2291
68 2277
68 2280
68 2290
68 2281
68 2276
68 2288
68 2286
68 2294
68 2297
68 2284
68 2268
68 2293
68 2282
68 2296
68 2274
68 2279
68 2275
68 2287
68 2298
68 2278
68 2292
68 2285
68 2270
68 2272
68 2295
68 2283
69 2304
69 2318
69 2311
69 2329
69 2320
69 2326
69 2324
69 2306
69 2332
69 2317
69 2328
69 2308
69 2322
69 2309
69 2330
69 2315
69 2314
69 2310
69 2307
69 2313
69 2327
69 2316
69 2312
69 2319
69 2321
69 2300
69 2305
69 2301
69 2333
69 2331
69 2302
69 2323
70 2343
70 2357
70 2352
70 2349
70 2340
70 2353
70 2347
70 2362
70 2339
70 2345
70 2351
70 2360
70 2361
70 2358
70 2365
70 2334
70 2342
70 2348
70 2350
70 2337
70 2355
70 2336
70 2354
70 2346
70 2344
70 2366
70 2356
70 2359
70 2363
70 2341
70 2338
70 2364
71 2398
71 2380
71 2396
71 2385
71 2367
71 2395
71 2390
71 2381
71 2375
71 2371
71 2369
71 2394
71 2397
71 2373
71 2384
71 2374
71 2379
71 2382
71 2391
71 2389
71 2388
71 2399
71 2386
71 2376
71 2378
71 2377
71 2370
71 2383
71 2372
71 2387
71 2393
71 2368
72 2414
72 2427
72 2421
72 2408
72 2433
72 2406
72 2402
72 2407
72 2426
72 2400
72 2410
72 2415
72 2409
72 2405
72 2428
72 2422
72 2429
72 2411
72 2417
72 2412
72 2432
72 2403
72 2404
72 2423
72 2424
72 2416
72 2419
72 2425
72 2418
72 2431
72 2430
72 2401
73 2452
73 2446
73 2460
73 2443
73 2447
73 2457
73 2462
73 2463
73 2459
73 2437
73 2435
73 2434
73 2450
73 2451
73 2454
73 2439
73 2455
73 2441
73 2461
73 2438
73 2440
73 2466
73 2456
73 2444
73 2449
73 2448
73 2458
73 2436
73 2465
73 2453
73 2464
73 2442
74 2469
74 2481
74 2498
74 2479
74 2486
74 2480
74 2488
74 2493
74 2495
74 2484
74 2482
74 2494
74 2471
74 2468
74 2487
74 2497
74 2490
74 2476
74 2485
74 2483
74 2475
74 2491
74 2467
74 2496
74 2499
74 2478
74 2492
74 2477
74 2472
74 2489
74 2473
74 2470
75 2531
75 2529
75 2511
75 2516
75 2522
75 2505
75 2519
75 2509
75 2514
75 2510
75 2507
75 2533
75 2508
75 2532
75 2530
75 2502
75 2506
75 2518
75 2520
75 2513
75 2501
75 2526
75 2512
75 2503
75 2524
75 2527
75 2500
75 2517
75 2521
75 2515
75 2523
75 2504
76 2561
76 2565
76 2558
76 2545
76 2556
76 2555
76 2539
76 2560
76 2535
76 2538
76 2546
76 2554
76 2549
76 2540
76 2559
76 2566
76 2541
76 2562
76 2537
76 2557
76 2550
76 2563
76 2534
76 2542
76 2552
76 2544
76 2564
76 2551
76 2547
76 2553
76 2536
76 2543
77 2580
77 2581
77 2579
77 2570
77 2569
77 2571
77 2596
77 2585
77 2576
77 2573
77 2567
77 2594
77 2593
77 2598
77 2597
77 2568
77 2588
77 2574
77 2592
77 2578
77 2595
77 2599
77 2577
77 2584
77 2582
77 2591
77 2572
77 2590
77 2587
77 2583
77 2589
77 2575
78 2609
78 2621
78 2601
78 2608
78 2626
78 2628
78 2619
78 2633
78 2606
78 2629
78 2622
78 2624
78 2630
78 2614
78 2604
78 2612
78 2616
78 2618
78 2610
78 2623
78 2617
78 2625
78 2613
78 2605
78 2632
78 2615
78 2603
78 2627
78 2611
78 2607
78 2600
78 2620
79 2654
79 2661
79 2644
79 2660
79 2657
79 2653
79 2666
79 2639
79 2635
79 2664
79 2651
79 2636
79 2656
79 2663
79 2650
79 2642
79 2634
79 2640
79 2641
79 2645
79 2638
79 2649
79 2637
79 2665
79 2659
79 2647
79 2646
79 2643
79 2655
79 2652
79 2648
79 2658
80 2682
80 2687
80 2670
80 2676
80 2685
80 2684
80 2679
80 2672
80 2691
80 2683
80 2686
80 2675
80 2693
80 2697
80 2692
80 2689
80 2668
80 2696
80 2674
80 2690
80 2695
80 2681
80 2677
80 2698
80 2699
80 2673
80 2678
80 2671
80 2667
80 2680
80 2688
80 2694
81 2712
81 2702
81 2722
81 2711
81 2708
81 2716
81 2731
81 2732
81 2715
81 2727
81 2726
81 2713
81 2700
81 2706
81 2717
81 2703
81 2710
81 2720
81 2721
81 2718
81 2704
81 2730
81 2719
81 2714
81 2709
81 2729
81 2707
81 2724
81 2723
81 2705
81 2701
81 2728
82 2757
82 2754
82 2749
82 2761
82 2765
82 2738
82 2750
82 2753
82 2747
82 2764
82 2758
82 2760
82 2737
82 2739
82 2746
82 2744
82 2766
82 2742
82 2752
82 2734
82 2755
82 2751
82 2743
82 2736
82 2762
82 2759
82 2756
82 2740
82 2741
82 2763
82 2735
82 2748
83 2791
83 2783
83 2777
83 2776
83 2771
83 2787
83 2780
83 2775
83 2784
83 2768
83 2793
83 2778
83 2788
83 2786
83 2769
83 2772
83 2785
83 2767
83 2773
83 2798
83 2796
83 2774
83 2795
83 2790
83 2794
83 2792
83 2770
83 2781
83 2789
83 2799
83 2779
83 2797
84 2817
84 2803
84 2810
84 2818
84 2832
84 2801
84 2807
84 2819
84 2802
84 2805
84 2816
84 2808
84 2822
84 2827
84 2825
84 2823
84 2800
84 2813
84 2824
84 2833
84 2812
84 2831
84 2820
84 2815
84 2826
84 2809
84 2828
84 2814
84 2811
84 2806
84 2821
84 2829
85 2848
85 2866
85 2849
85 2835
85 2860
85 2852
85 2839
85 2846
85 2861
85 2864
85 2865
85 2838
85 2836
85 2854
85 2855
85 2837
85 2858
85 2843
85 2862
85 2842
85 2844
85 2841
85 2845
85 2847
85 2859
85 2856
85 2834
85 2853
85 2851
85 2863
85 2850
85 2840
86 2876
86 2888
86 2871
86 2868
86 2872
86 2873
86 2885
86 2887
86 2867
86 2884
86 2898
86 2896
86 2894
86 2883
86 2897
86 2881
86 2880
86 2869
86 2895
86 2870
86 2891
86 2890
86 2877
86 2879
86 2899
86 2889
86 2875
86 2892
86 2874
86 2878
86 2886
86 2882
87 2932
87 2902
87 2912
87 2928
87 2924
87 2913
87 2916
87 2914
87 2905
87 2911
87 2933
87 2922
87 2930
87 2923
87 2901
87 2931
87 2908
87 2919
87 2927
87 2907
87 2917
87 2921
87 2910
87 2920
87 2904
87 2929
87 2926
87 2915
87 2918
87 2906
87 2903
87 2900
88 2950
88 2959
88 2949
88 2940
88 2939
88 2938
88 2943
88 2960
88 2935
88 2951
88 2965
88 2944
88 2954
88 2956
88 2936
88 2961
88 2947
88 2957
88 2945
88 2937
88 2964
88 2963
88 2953
88 2952
88 2941
88 2958
88 2955
88 2966
88 2942
88 2946
88 2948
88 2934
89 2998
89 2999
89 2993
89 2973
89 2986
89 2989
89 2970
89 2972
89 2971
89 2983
89 2982
89 2990
89 2987
89 2997
89 2980
89 2969
89 2975
89 2984
89 2985
89 2981
89 2994
89 2976
89 2991
89 2974
89 2996
89 2967
89 2977
89 2995
89 2992
89 2968
89 2988
89 2979
90 3008
90 3017
90 3020
90 3001
90 3022
90 3021
90 3029
90 3023
90 3013
90 3031
90 3012
90 3010
90 3024
90 3028
90 3007
90 3016
90 3019
90 3030
90 3018
90 3005
90 3027
90 3026
90 3032
90 3000
90 3015
90 3006
90 3033
90 3014
90 3011
90 3009
90 3025
90 3004
91 3060
91 3044
91 3042
91 3048
91 3046
91 3047
91 3054
91 3063
91 3052
91 3045
91 3040
91 3037
91 3034
91 3041
91 3036
91 3062
91 3056
91 3061
91 3049
91 3059
91 3057
91 3051
91 3064
91 3066
91 3055
91 3065
91 3058
91 3035
91 3050
91 3039
91 3043
91 3053
92 3091
92 3075
92 3082
92 3073
92 3081
92 3084
92 3079
92 3088
92 3090
92 3072
92 3092
92 3095
92 3096
92 3080
92 3074
92 3093
92 3070
92 3089
92 3068
92 3098
92 3071
92 3094
92 3076
92 3099
92 3097
92 3087
92 3078
92 3077
92 3083
92 3086
92 3067
92 3069
93 3109
93 3105
93 3118
93 3106
93 3128
93 3104
93 3102
93 3115
93 3132
93 3120
93 3129
93 3114
93 3101
93 3107
93 3121
93 3112
93 3124
93 3108
93 3103
93 3110
93 3119
93 3131
93 3113
93 3125
93 3111
93 3130
93 3127
93 3126
93 3100
93 3117
93 3122
93 3123
94 3144
94 3142
94 3135
94 3164
94 3150
94 3161
94 3145
94 3160
94 3155
94 3147
94 3141
94 3148
94 3152
94 3143
94 3153
94 3162
94 3136
94 3157
94 3166
94 3165
94 3140
94 3163
94 3154
94 3138
94 3156
94 3158
94 3159
94 3146
94 3151
94 3149
94 3134
94 3139
95 3197
95 3173
95 3199
95 3170
95 3195
95 3177
95 3191
95 3181
95 3194
95 3176
95 3169
95 3186
95 3188
95 3184
95 3178
95 3193
95 3179
95 3189
95 3182
95 3192
95 3183
95 3174
95 3187
95 3190
95 3175
95 3198
95 3171
95 3167
95 3185
95 3168
95 3172
95 3196
96 3223
96 3232
96 3226
96 3211
96 3205
96 3228
96 3224
96 3219
96 3203
96 3202
96 3217
96 3229
96 3218
96 3215
96 3204
96 3200
96 3230
96 3231
96 3227
96 3207
96 3210
96 3208
96 3220
96 3214
96 3222
96 3216
96 3221
96 3209
96 3233
96 3225
96 3206
96 3212
97 3252
97 3238
97 3244
97 3239
97 3255
97 3258
97 3264
97 3261
97 3234
97 3249
97 3253
97 3263
97 3242
97 3259
97 3256
97 3237
97 3266
97 3260
97 3254
97 3240
97 3236
97 3243
97 3245
97 3250
97 3247
97 3265
97 3246
97 3241
97 3262
97 3251
97 3235
97 3248
98 3274
98 3282
98 3275
98 3294
98 3281
98 3293
98 3296
98 3279
98 3299
98 3271
98 3268
98 3273
98 3269
98 3285
98 3272
98 3284
98 3283
98 3277
98 3286
98 3295
98 3267
98 3288
98 3280
98 3287
98 3297
98 3289
98 3290
98 3276
98 3298
98 3292
98 3270
98 3278
99 3322
99 3315
99 3304
99 3325
99 3307
99 3314
99 3324
99 3309
99 3327
99 3328
99 3312
99 3329
99 3301
99 3332
99 3316
99 3306
99 3305
99 3317
99 3326
99 3308
99 3311
99 3330
99 3318
99 3320
99 3323
99 3319
99 3331
99 3321
99 3333
99 3313
99 3302
99 3303
