0 11898
0 11817
0 11865
0 11742
0 11582
0 11750
0 11620
0 11559
0 11567
0 11523
0 11341
0 11513
0 11945
0 11772
0 11707
0 11806
0 11261
0 11785
0 11942
0 11602
0 11819
0 11926
0 11283
0 11403
0 11466
0 11428
0 11397
0 11760
0 11666
0 11409
0 11928
0 11932
1 65860
1 65640
1 65765
1 65534
1 65841
1 65679
1 65289
1 65745
1 65544
1 65568
1 65980
1 65981
1 65926
1 65557
1 65308
1 65417
1 65510
1 65643
1 65818
1 65839
1 65323
1 65361
1 65983
1 65546
1 65862
1 65324
1 65582
1 65384
1 65639
1 65835
1 65315
1 65326
2 25723
2 25873
2 25803
2 25578
2 26059
2 25826
2 26035
2 25797
2 26187
2 25547
2 25896
2 26049
2 25988
2 26133
2 26200
2 25638
2 25729
2 25819
2 25945
2 25859
2 26207
2 25629
2 26015
2 25730
2 26104
2 26039
2 25736
2 25987
2 26017
2 26195
2 25588
2 25689
3 48863
3 49496
3 48825
3 49419
3 49316
3 49044
3 49108
3 49135
3 49099
3 48957
3 48848
3 49257
3 49311
3 48758
3 49057
3 49343
3 49083
3 49254
3 49026
3 48969
3 49445
3 49309
3 49430
3 49296
3 48775
3 48807
3 49165
3 49422
3 49052
3 49476
3 48852
3 49039
4 33943
4 33879
4 34106
4 34089
4 34374
4 33786
4 33985
4 34058
4 34372
4 33957
4 34056
4 34400
4 34362
4 34411
4 33954
4 33825
4 34048
4 34178
4 34063
4 34458
4 34128
4 34414
4 33798
4 34141
4 34082
4 34293
4 34020
4 34267
4 34078
4 33946
4 34405
4 33961
5 16331
5 15820
5 16322
5 15911
5 16303
5 16373
5 16477
5 15796
5 15905
5 16318
5 16376
5 16497
5 15987
5 16239
5 16396
5 16267
5 15770
5 16275
5 16457
5 15888
5 16433
5 16397
5 16183
5 16263
5 16134
5 16305
5 16202
5 16408
5 15812
5 15976
5 16370
5 15931
6 216
6 222
6 131
6 446
6 269
6 539
6 137
6 319
6 160
6 713
6 598
6 330
6 641
6 326
6 174
6 569
6 310
6 365
6 293
6 463
6 349
6 142
6 111
6 414
6 394
6 240
6 146
6 344
6 400
6 276
6 712
6 634
7 68297
7 68851
7 68329
7 68430
7 68311
7 68955
7 68614
7 68532
7 68970
7 68762
7 68646
7 68942
7 68936
7 68564
7 68455
7 68394
7 68928
7 68392
7 68872
7 68939
7 68895
7 68566
7 68365
7 68515
7 68968
7 68474
7 68435
7 68932
7 68280
7 68366
7 68767
7 68778
8 56124
8 56160
8 55509
8 55789
8 56097
8 55824
8 56133
8 55770
8 55801
8 55615
8 55607
8 56099
8 55638
8 55520
8 56109
8 56027
8 55956
8 55919
8 55945
8 56152
8 56173
8 55756
8 55949
8 55951
8 55588
8 56156
8 56224
8 55625
8 55653
8 55514
8 56030
8 55508
9 32245
9 32201
9 32004
9 31592
9 32203
9 31617
9 31906
9 31976
9 32241
9 31709
9 31677
9 31855
9 31702
9 31506
9 31794
9 31746
9 31944
9 31556
9 31666
9 31931
9 31687
9 31684
9 32224
9 31539
9 32063
9 32057
9 32050
9 31712
9 31957
9 32062
9 32144
9 32149
10 3088
10 3191
10 3694
10 3526
10 3352
10 3206
10 3710
10 3586
10 3299
10 3345
10 3368
10 3634
10 3232
10 3665
10 3017
10 3401
10 3402
10 3475
10 3168
10 3183
10 3578
10 3717
10 3197
10 3404
10 3520
10 3655
10 3669
10 3590
10 3722
10 3337
10 3127
10 3698
11 20659
11 20865
11 20900
11 20468
11 20983
11 20714
11 20755
11 20255
11 20502
11 20956
11 20823
11 20516
11 20838
11 20482
11 20984
11 20758
11 20543
11 20288
11 20309
11 20560
11 20766
11 20406
11 20665
11 20328
11 20455
11 20563
11 20923
11 20316
11 20531
11 20992
11 20943
11 20837
12 72568
12 72364
12 72116
12 72439
12 72334
12 72525
12 72107
12 72363
12 72211
12 72412
12 72293
12 72281
12 72188
12 72619
12 72663
12 72000
12 72161
12 72100
12 72422
12 72434
12 72456
12 72541
12 72296
12 72717
12 72705
12 72509
12 72105
12 72683
12 72324
12 72482
12 72283
12 72516
13 61263
13 61081
13 60971
13 61388
13 61038
13 60869
13 61133
13 60967
13 61221
13 61192
13 61258
13 61021
13 61305
13 61253
13 61162
13 61059
13 61334
13 61235
13 60822
13 61313
13 61199
13 61028
13 60899
13 60773
13 61269
13 60891
13 61275
13 61463
13 60919
13 61124
13 60922
13 61397
14 15257
14 15401
14 15142
14 15097
14 15472
14 15183
14 15564
14 15628
14 15431
14 15737
14 15637
14 15199
14 15463
14 15089
14 15092
14 15160
14 15664
14 15540
14 15729
14 15357
14 15261
14 15307
14 15640
14 15748
14 15684
14 15475
14 15076
14 15636
14 15152
14 15734
14 15733
14 15299
15 70718
15 70971
15 70777
15 71211
15 70778
15 70792
15 70647
15 70650
15 71134
15 71229
15 70621
15 70885
15 70876
15 70737
15 70670
15 70588
15 71178
15 71123
15 71087
15 70764
15 70559
15 71249
15 70535
15 70895
15 71196
15 71093
15 70604
15 71002
15 70503
15 70911
15 70651
15 70909
16 25093
16 25368
16 25321
16 25067
16 24769
16 25322
16 25299
16 24792
16 25084
16 24840
16 24894
16 24790
16 25190
16 25135
16 25352
16 25130
16 24939
16 25129
16 25381
16 25133
16 24847
16 24952
16 25287
16 25424
16 25086
16 25059
16 24897
16 25005
16 24816
16 24867
16 25188
16 24920
17 51080
17 51294
17 51321
17 51306
17 51509
17 51433
17 51513
17 51577
17 51640
17 51576
17 51315
17 51624
17 51705
17 51209
17 51140
17 51173
17 51412
17 51739
17 51104
17 51313
17 51055
17 51424
17 51176
17 51138
17 51434
17 51129
17 51017
17 51068
17 51204
17 51427
17 51159
17 51051
18 58862
18 58908
18 58953
18 58630
18 59155
18 58728
18 58928
18 59032
18 59248
18 58949
18 58958
18 58644
18 58551
18 59084
18 59166
18 58872
18 58895
18 59054
18 58969
18 58737
18 58601
18 58991
18 58717
18 58788
18 59210
18 59090
18 58939
18 58968
18 59176
18 58886
18 58578
18 58703
19 41407
19 41949
19 41420
19 41288
19 41585
19 41267
19 41708
19 41514
19 41972
19 41954
19 41885
19 41291
19 41804
19 41704
19 41471
19 41868
19 41922
19 41261
19 41678
19 41566
19 41617
19 41351
19 41965
19 41711
19 41784
19 41404
19 41558
19 41658
19 41719
19 41260
19 41943
19 41290
20 3962
20 4296
20 4491
20 4400
20 3877
20 4297
20 4069
20 4049
20 4233
20 4380
20 4033
20 3929
20 3980
20 4495
20 4167
20 4064
20 4438
20 4223
20 3867
20 4227
20 4144
20 4362
20 4002
20 4384
20 3887
20 3976
20 3955
20 4169
20 4163
20 4097
20 4057
20 3917
21 10224
21 10004
21 10352
21 10389
21 10456
21 10378
21 9850
21 9868
21 9827
21 10252
21 10452
21 9810
21 9863
21 10149
21 9793
21 10285
21 10236
21 10345
21 9910
21 10253
21 9907
21 9875
21 10131
21 10189
21 10460
21 10391
21 9758
21 9919
21 10356
21 9759
21 9912
21 9866
22 22983
22 23093
22 23082
22 22762
22 22640
22 23073
22 23077
22 22662
22 22877
22 22698
22 22971
22 22863
22 22667
22 23238
22 22778
22 22749
22 22847
22 23033
22 23063
22 22950
22 23044
22 23062
22 23153
22 22927
22 22841
22 22668
22 22652
22 22992
22 23231
22 23232
22 23172
22 23083
23 71540
23 71677
23 71520
23 71284
23 71280
23 71887
23 71438
23 71273
23 71626
23 71657
23 71831
23 71533
23 71630
23 71692
23 71383
23 71674
23 71611
23 71793
23 71641
23 71503
23 71997
23 71716
23 71485
23 71569
23 71744
23 71442
23 71416
23 71723
23 71930
23 71444
23 71725
23 71397
24 48640
24 48439
24 48559
24 48617
24 48642
24 48100
24 48323
24 48566
24 48239
24 48363
24 48207
24 48388
24 48079
24 48129
24 48343
24 48446
24 48530
24 48508
24 48228
24 48221
24 48410
24 48015
24 48402
24 48282
24 48651
24 48596
24 48082
24 48582
24 48600
24 48298
24 48261
24 48026
25 39968
25 40445
25 40321
25 40041
25 39998
25 39927
25 40281
25 39978
25 39791
25 40172
25 40218
25 40212
25 39841
25 39756
25 39872
25 40096
25 39797
25 40325
25 40309
25 40191
25 39808
25 39878
25 39870
25 39838
25 40470
25 40063
25 40113
25 40082
25 39892
25 40335
25 40137
25 39941
26 32872
26 32928
26 32677
26 32330
26 32409
26 32256
26 32926
26 32446
26 32507
26 32287
26 32634
26 32381
26 32674
26 32250
26 32281
26 32555
26 32991
26 32545
26 32402
26 32395
26 32378
26 32588
26 32765
26 32426
26 32265
26 32751
26 32263
26 32260
26 32480
26 32338
26 32498
26 32597
27 36012
27 36411
27 36006
27 36218
27 36741
27 36715
27 36632
27 36381
27 36594
27 36140
27 36049
27 36364
27 36703
27 36468
27 36662
27 36503
27 36276
27 36441
27 36440
27 36118
27 36127
27 36128
27 36117
27 36375
27 36565
27 36713
27 36001
27 36449
27 36206
27 36736
27 36219
27 36614
28 62792
28 62339
28 62391
28 62694
28 62433
28 62892
28 62966
28 62437
28 62599
28 62633
28 62344
28 62288
28 62656
28 62771
28 62768
28 62853
28 62590
28 62575
28 62398
28 62793
28 62962
28 62821
28 62837
28 62367
28 62796
28 62784
28 62537
28 62276
28 62585
28 62610
28 62484
28 62322
29 69703
29 69278
29 69699
29 69113
29 69502
29 69346
29 69636
29 69091
29 69077
29 69695
29 69427
29 69646
29 69365
29 69707
29 69033
29 69590
29 69373
29 69368
29 69482
29 69068
29 69309
29 69403
29 69534
29 69210
29 69659
29 69029
29 69440
29 69051
29 69708
29 69484
29 69148
29 69125
30 54936
30 54783
30 54782
30 55003
30 54980
30 54962
30 54835
30 55064
30 55181
30 55326
30 54917
30 55142
30 55093
30 55384
30 54939
30 55031
30 55289
30 55230
30 55016
30 54970
30 55091
30 55374
30 55425
30 54845
30 55299
30 54813
30 55320
30 55085
30 55000
30 55470
30 55161
30 54925
31 58484
31 58130
31 57999
31 58360
31 58119
31 58321
31 57921
31 58307
31 58486
31 57758
31 58026
31 58437
31 58347
31 58444
31 57990
31 57767
31 58103
31 58464
31 57954
31 58099
31 58266
31 58339
31 58404
31 57916
31 57936
31 58472
31 58261
31 57781
31 58291
31 58382
31 58240
31 57913
32 35468
32 35880
32 35993
32 35680
32 35409
32 35539
32 35805
32 35949
32 35493
32 35828
32 35398
32 35991
32 35618
32 35605
32 35391
32 35597
32 35755
32 35996
32 35306
32 35381
32 35279
32 35433
32 35591
32 35860
32 35781
32 35840
32 35853
32 35866
32 35271
32 35535
32 35835
32 35759
33 53265
33 53683
33 53948
33 53858
33 53447
33 53801
33 53263
33 53843
33 53730
33 53706
33 53594
33 53812
33 53496
33 53295
33 53776
33 53888
33 53456
33 53383
33 53717
33 53632
33 53582
33 53803
33 53553
33 53639
33 53339
33 53474
33 53434
33 53745
33 53444
33 53677
33 53658
33 53643
34 8858
34 8696
34 8521
34 8561
34 8720
34 8439
34 8749
34 8757
34 8999
34 8638
34 8925
34 8338
34 8501
34 8661
34 8897
34 8985
34 8356
34 8433
34 8992
34 8846
34 8274
34 8948
34 8447
34 8397
34 8878
34 8410
34 8418
34 8550
34 8432
34 8850
34 8888
34 8867
35 42041
35 42253
35 42472
35 42021
35 42581
35 42386
35 42558
35 42399
35 42742
35 42365
35 42164
35 42727
35 42095
35 42109
35 42026
35 42035
35 42622
35 42518
35 42320
35 42653
35 42531
35 42051
35 42384
35 42722
35 42717
35 42621
35 42503
35 42036
35 42236
35 42223
35 42209
35 42336
36 36783
36 37460
36 37038
36 36979
36 36900
36 36766
36 36959
36 37382
36 37005
36 36816
36 36822
36 37326
36 37143
36 37272
36 36943
36 37299
36 36913
36 37125
36 36847
36 37496
36 37228
36 37209
36 36983
36 37443
36 36994
36 36924
36 37168
36 37133
36 36861
36 36933
36 37115
36 37066
37 60468
37 60226
37 60347
37 60639
37 60414
37 60667
37 60197
37 60591
37 60698
37 60408
37 60009
37 60229
37 60346
37 60747
37 60489
37 60073
37 60305
37 60213
37 60173
37 60322
37 60674
37 60467
37 60125
37 60704
37 60678
37 60167
37 60694
37 60433
37 60208
37 60325
37 60183
37 60370
38 20092
38 19959
38 19616
38 19975
38 20142
38 19916
38 20131
38 19556
38 19531
38 19888
38 19912
38 20043
38 20208
38 20029
38 20180
38 19523
38 19961
38 19828
38 20209
38 19688
38 19589
38 19929
38 19529
38 19557
38 20233
38 19670
38 20065
38 20042
38 20112
38 19560
38 20130
38 19991
39 29114
39 28664
39 28920
39 29006
39 28632
39 29028
39 28658
39 29206
39 28943
39 28568
39 28616
39 28629
39 28829
39 29105
39 28719
39 28967
39 29229
39 29249
39 28739
39 28746
39 29106
39 29153
39 29087
39 29189
39 28941
39 28601
39 28807
39 29097
39 28502
39 28738
39 28998
39 28848
40 40574
40 40924
40 40527
40 41152
40 40829
40 41137
40 40735
40 41057
40 40932
40 41021
40 40691
40 40947
40 41225
40 41039
40 40724
40 40626
40 41059
40 40874
40 40636
40 41012
40 41219
40 40979
40 41232
40 41058
40 41234
40 40601
40 40512
40 41025
40 40664
40 40948
40 40671
40 40965
41 46768
41 46798
41 46504
41 46842
41 46758
41 46520
41 46875
41 46515
41 46906
41 46547
41 46810
41 46655
41 47221
41 46665
41 47128
41 46530
41 46770
41 47034
41 46663
41 46978
41 47021
41 46620
41 46701
41 47014
41 47217
41 46632
41 47141
41 47206
41 46705
41 47040
41 46822
41 46582
42 43726
42 43594
42 43824
42 43845
42 43875
42 43704
42 43714
42 43942
42 44149
42 43778
42 43500
42 43774
42 43642
42 43784
42 43612
42 43621
42 43853
42 43527
42 44119
42 44175
42 43816
42 43505
42 43924
42 43865
42 43958
42 44114
42 44146
42 43550
42 43518
42 43522
42 43854
42 43882
43 12093
43 12005
43 12047
43 12137
43 12260
43 12507
43 12700
43 12717
43 12436
43 12098
43 12062
43 12416
43 12441
43 12327
43 12013
43 12591
43 12083
43 12217
43 12267
43 12120
43 12555
43 12510
43 12646
43 12607
43 12587
43 12391
43 12291
43 12189
43 12512
43 12249
43 12338
43 12020
44 13025
44 13079
44 13487
44 13155
44 12893
44 13481
44 13071
44 12787
44 12807
44 13405
44 13188
44 13181
44 13167
44 13346
44 12958
44 13268
44 13316
44 13123
44 13360
44 13247
44 13452
44 12775
44 13191
44 13166
44 13243
44 12808
44 13314
44 13260
44 13273
44 12832
44 13240
44 13086
45 30594
45 30525
45 30635
45 30388
45 30316
45 30352
45 30314
45 30721
45 30722
45 30338
45 30706
45 30566
45 30502
45 30598
45 30031
45 30425
45 30107
45 30295
45 30104
45 30061
45 30340
45 30115
45 30035
45 30164
45 30110
45 30117
45 30139
45 30039
45 30484
45 30213
45 30345
45 30740
46 16770
46 16541
46 16922
46 17046
46 16960
46 16985
46 16816
46 16519
46 16577
46 17235
46 17224
46 17199
46 17170
46 16828
46 16604
46 16684
46 17125
46 17135
46 17249
46 17242
46 16654
46 16783
46 16826
46 16906
46 16525
46 16840
46 16880
46 16883
46 17093
46 16617
46 16607
46 16824
47 63374
47 63348
47 63198
47 63121
47 63264
47 63550
47 63082
47 63299
47 63666
47 63461
47 63195
47 63133
47 63700
47 63076
47 63584
47 63527
47 63221
47 63432
47 63190
47 63608
47 63053
47 63252
47 63078
47 63309
47 63659
47 63446
47 63605
47 63015
47 63339
47 63297
47 63111
47 63293
48 5441
48 5985
48 5744
48 5621
48 5373
48 5265
48 5765
48 5401
48 5782
48 5906
48 5444
48 5659
48 5793
48 5763
48 5748
48 5749
48 5824
48 5895
48 5636
48 5379
48 5307
48 5334
48 5903
48 5518
48 5555
48 5776
48 5571
48 5301
48 5657
48 5622
48 5655
48 5523
49 29530
49 29627
49 29867
49 29462
49 29435
49 29361
49 29404
49 29593
49 29324
49 29347
49 29363
49 29740
49 29552
49 29566
49 29792
49 29778
49 29783
49 29579
49 29734
49 29798
49 29521
49 29311
49 29847
49 29560
49 29961
49 29689
49 29919
49 29776
49 29767
49 29317
49 29467
49 29900
50 73683
50 73994
50 73909
50 74109
50 73938
50 74123
50 74217
50 74055
50 74051
50 73615
50 74061
50 73748
50 73999
50 74020
50 74156
50 74218
50 73843
50 73783
50 73834
50 73758
50 73887
50 74140
50 74160
50 73635
50 74126
50 73790
50 73726
50 73692
50 74248
50 74152
50 73572
50 74008
51 9232
51 9284
51 9007
51 9262
51 9015
51 9303
51 9742
51 9098
51 9686
51 9151
51 9387
51 9373
51 9287
51 9017
51 9312
51 9062
51 9380
51 9078
51 9524
51 9176
51 9248
51 9749
51 9257
51 9638
51 9501
51 9426
51 9148
51 9027
51 9305
51 9422
51 9374
51 9569
52 64107
52 64481
52 64174
52 64487
52 63874
52 64309
52 64365
52 64361
52 63870
52 64098
52 64426
52 64477
52 64304
52 64104
52 63763
52 64406
52 63832
52 64324
52 64473
52 64209
52 64111
52 63930
52 63942
52 63927
52 63968
52 63935
52 64409
52 64062
52 63773
52 64010
52 64358
52 64121
53 2912
53 2726
53 2567
53 2619
53 2695
53 2955
53 2697
53 2268
53 2730
53 2627
53 2259
53 2459
53 2338
53 2526
53 2732
53 2433
53 2616
53 2669
53 2262
53 2472
53 2861
53 2918
53 2487
53 2644
53 2359
53 2603
53 2766
53 2613
53 2258
53 2632
53 2573
53 2371
54 64868
54 65144
54 64664
54 64603
54 64878
54 64792
54 64641
54 65186
54 64969
54 64717
54 64609
54 64820
54 64832
54 64582
54 65005
54 65040
54 64971
54 65098
54 64789
54 64933
54 64879
54 64571
54 64743
54 64900
54 65249
54 64581
54 65203
54 65165
54 65081
54 65142
54 64617
54 64635
55 17429
55 17478
55 17497
55 17456
55 17783
55 17280
55 17390
55 17932
55 17994
55 17580
55 17933
55 17524
55 17344
55 17977
55 17461
55 17826
55 17382
55 17643
55 17803
55 17818
55 17588
55 17521
55 17641
55 17669
55 17598
55 17441
55 17937
55 17594
55 17648
55 17631
55 17768
55 17802
56 42897
56 43449
56 42967
56 43249
56 43492
56 43056
56 43141
56 42991
56 43416
56 43427
56 43164
56 43400
56 43234
56 42936
56 42807
56 42825
56 43179
56 43001
56 43460
56 43120
56 43487
56 43159
56 43254
56 42786
56 42820
56 42958
56 42855
56 42986
56 43499
56 42856
56 42979
56 43138
57 14480
57 14326
57 14896
57 14849
57 14469
57 14654
57 14380
57 14545
57 14762
57 14772
57 14714
57 14674
57 14369
57 14985
57 14588
57 14880
57 14763
57 14305
57 14904
57 14503
57 14498
57 14946
57 14728
57 14834
57 14430
57 14314
57 14334
57 14495
57 14968
57 14432
57 14352
57 14357
58 26850
58 26858
58 26290
58 26303
58 26849
58 26634
58 26886
58 26712
58 26399
58 26398
58 26347
58 26332
58 26333
58 26427
58 26668
58 26603
58 26429
58 26383
58 26706
58 26588
58 26653
58 26773
58 26315
58 26721
58 26568
58 26953
58 26891
58 26425
58 26324
58 26459
58 26758
58 26638
59 23549
59 23270
59 23465
59 23515
59 23619
59 23779
59 23471
59 23399
59 23389
59 23901
59 23695
59 23834
59 23980
59 23589
59 23407
59 23878
59 23252
59 23402
59 23260
59 23879
59 23829
59 23554
59 23508
59 23835
59 23498
59 23546
59 23760
59 23557
59 23615
59 23331
59 23358
59 23816
60 44273
60 44514
60 44898
60 44805
60 44449
60 44363
60 44926
60 44877
60 44256
60 44302
60 44752
60 44742
60 44379
60 44867
60 44424
60 44991
60 44315
60 44422
60 44783
60 44446
60 44609
60 44339
60 44251
60 44510
60 44356
60 44397
60 44519
60 44507
60 44704
60 44602
60 44925
60 44604
61 53136
61 52691
61 52665
61 53227
61 53050
61 52663
61 52681
61 52546
61 53131
61 52856
61 52920
61 52981
61 52630
61 52923
61 52507
61 53204
61 52957
61 52921
61 52838
61 53183
61 53182
61 52700
61 52677
61 52594
61 53008
61 52740
61 53175
61 53086
61 52521
61 52722
61 52589
61 52607
62 73011
62 73252
62 73090
62 73091
62 73073
62 73018
62 72953
62 73265
62 73043
62 73321
62 73104
62 73450
62 72864
62 73181
62 73254
62 73219
62 73088
62 73453
62 73178
62 73260
62 73448
62 73221
62 73375
62 73390
62 73381
62 72903
62 73124
62 72793
62 73007
62 73328
62 73154
62 73150
63 61899
63 62006
63 62241
63 61739
63 62075
63 62048
63 62080
63 61657
63 62016
63 61768
63 61718
63 61843
63 61887
63 62131
63 61632
63 62047
63 61577
63 61808
63 61779
63 62090
63 61665
63 61958
63 62184
63 61556
63 61692
63 62084
63 62010
63 61805
63 61588
63 61640
63 62116
63 61527
64 10661
64 11207
64 11141
64 10601
64 10880
64 10643
64 10862
64 10902
64 11225
64 10957
64 11241
64 10757
64 11095
64 10728
64 11006
64 11153
64 11023
64 10554
64 10534
64 11148
64 10615
64 10558
64 10889
64 11215
64 10684
64 10749
64 10528
64 10906
64 11068
64 10726
64 11164
64 10989
65 35154
65 35131
65 34631
65 34958
65 34738
65 34919
65 35037
65 34534
65 34567
65 34535
65 34756
65 35036
65 34787
65 34791
65 34752
65 34916
65 34862
65 35227
65 35181
65 35161
65 35235
65 35094
65 34783
65 34529
65 35129
65 34546
65 35030
65 35139
65 35198
65 35080
65 34708
65 34800
66 57674
66 57457
66 57124
66 57131
66 57044
66 57670
66 57666
66 57159
66 57645
66 57649
66 57462
66 57328
66 57409
66 57682
66 57038
66 57429
66 57721
66 57502
66 57586
66 57351
66 57249
66 57344
66 57459
66 57250
66 57346
66 57468
66 57739
66 57561
66 57737
66 57524
66 57387
66 57240
67 59541
67 59496
67 59416
67 59365
67 59722
67 59328
67 59820
67 59949
67 59882
67 59510
67 59480
67 59641
67 59459
67 59298
67 59252
67 59895
67 59739
67 59705
67 59284
67 59396
67 59683
67 59944
67 59367
67 59742
67 59537
67 59859
67 59495
67 59850
67 59816
67 59864
67 59466
67 59680
68 45381
68 45550
68 45649
68 45095
68 45383
68 45143
68 45584
68 45208
68 45358
68 45628
68 45316
68 45677
68 45349
68 45350
68 45144
68 45703
68 45511
68 45574
68 45274
68 45305
68 45470
68 45564
68 45146
68 45519
68 45720
68 45521
68 45019
68 45423
68 45109
68 45357
68 45473
68 45692
69 38252
69 38932
69 38961
69 38898
69 38720
69 38381
69 38782
69 38368
69 38956
69 38922
69 38617
69 38923
69 38382
69 38808
69 38444
69 38835
69 38632
69 38571
69 38528
69 38821
69 38491
69 38341
69 38754
69 38500
69 38587
69 38370
69 38915
69 38495
69 38407
69 38505
69 38493
69 38993
70 24172
70 24519
70 24395
70 24203
70 24701
70 24134
70 24629
70 24053
70 24375
70 24278
70 24511
70 24051
70 24048
70 24681
70 24038
70 24298
70 24495
70 24078
70 24712
70 24552
70 24573
70 24429
70 24459
70 24064
70 24579
70 24587
70 24385
70 24546
70 24737
70 24717
70 24572
70 24484
71 74570
71 74938
71 74729
71 74910
71 74945
71 74264
71 74820
71 74645
71 74887
71 74527
71 74854
71 74523
71 74356
71 74496
71 74404
71 74734
71 74341
71 74646
71 74810
71 74803
71 74555
71 74380
71 74383
71 74756
71 74969
71 74874
71 74688
71 74429
71 74436
71 74791
71 74545
71 74509
72 22022
72 21807
72 21834
72 22472
72 22432
72 22496
72 21947
72 21901
72 21995
72 22308
72 21897
72 22189
72 21828
72 22184
72 22412
72 21977
72 22093
72 21962
72 22126
72 21843
72 21923
72 21932
72 21793
72 21785
72 22010
72 21985
72 21892
72 22212
72 22104
72 21775
72 21869
72 21818
73 13926
73 13560
73 14018
73 13864
73 14196
73 14147
73 13572
73 13887
73 14033
73 13638
73 13984
73 13667
73 13702
73 13752
73 13741
73 13555
73 13783
73 13587
73 13787
73 13923
73 14227
73 13910
73 13993
73 13784
73 13757
73 13914
73 13605
73 14136
73 13915
73 13930
73 13736
73 13710
74 56655
74 56831
74 56395
74 56386
74 56269
74 56481
74 56629
74 56253
74 56969
74 56694
74 56796
74 56721
74 56868
74 56473
74 56950
74 56336
74 56854
74 56537
74 56777
74 56656
74 56875
74 56931
74 56695
74 56268
74 56490
74 56286
74 56446
74 56257
74 56888
74 56945
74 56398
74 56710
75 50730
75 50965
75 50819
75 50781
75 50693
75 50814
75 50854
75 50646
75 50415
75 50887
75 50391
75 50815
75 50534
75 50322
75 50772
75 50574
75 50612
75 50403
75 50253
75 50627
75 50310
75 50350
75 50939
75 50982
75 50320
75 50488
75 50824
75 50958
75 50425
75 50938
75 50831
75 50476
76 8055
76 7584
76 8226
76 7698
76 8230
76 8227
76 7894
76 7586
76 8020
76 7662
76 7604
76 7765
76 8205
76 8138
76 8047
76 8073
76 7711
76 7748
76 7678
76 7686
76 7612
76 7599
76 8079
76 8131
76 8152
76 7917
76 7650
76 7811
76 7672
76 7580
76 7802
76 7501
77 4767
77 4948
77 4954
77 5163
77 4506
77 4740
77 4502
77 4990
77 4596
77 4618
77 5130
77 5215
77 4879
77 5157
77 4949
77 5155
77 5177
77 4697
77 4539
77 5048
77 5020
77 4568
77 5084
77 5080
77 4963
77 4586
77 4757
77 5207
77 4825
77 4537
77 4994
77 5063
78 70006
78 69996
78 70021
78 70163
78 70164
78 70462
78 70254
78 69784
78 69897
78 69791
78 69980
78 70250
78 70191
78 70241
78 70341
78 70466
78 70445
78 69919
78 70483
78 69918
78 70399
78 69964
78 70331
78 70362
78 70045
78 70216
78 70209
78 69969
78 70391
78 70458
78 69934
78 70084
79 1328
79 770
79 936
79 804
79 1350
79 1324
79 1284
79 1272
79 845
79 1087
79 1271
79 1134
79 904
79 1316
79 1439
79 794
79 752
79 942
79 881
79 907
79 1005
79 1354
79 1259
79 970
79 1248
79 1155
79 974
79 1237
79 1339
79 1045
79 1292
79 1307
80 54029
80 54709
80 54735
80 54024
80 54630
80 54124
80 54543
80 54525
80 54196
80 54669
80 54517
80 54316
80 54162
80 54425
80 54421
80 54297
80 54295
80 54362
80 54068
80 54645
80 54141
80 54731
80 54231
80 54156
80 54707
80 54454
80 54657
80 54356
80 54273
80 54614
80 54175
80 54249
81 2187
81 1975
81 2247
81 1619
81 1913
81 1815
81 2221
81 1865
81 1592
81 2119
81 1636
81 1743
81 2095
81 1957
81 1547
81 2149
81 1511
81 2037
81 1900
81 2060
81 2162
81 1910
81 1653
81 1640
81 1600
81 1887
81 2235
81 1630
81 2204
81 1982
81 2111
81 1956
82 66506
82 66427
82 66373
82 66635
82 66577
82 66503
82 66157
82 66323
82 66727
82 66020
82 66518
82 66448
82 66462
82 66233
82 66331
82 66601
82 66413
82 66746
82 66497
82 66134
82 66695
82 66608
82 66486
82 66207
82 66015
82 66668
82 66050
82 66526
82 66584
82 66382
82 66650
82 66060
83 27537
83 27069
83 27153
83 27048
83 27610
83 27397
83 27545
83 27290
83 27033
83 27459
83 27156
83 27125
83 27685
83 27584
83 27030
83 27219
83 27478
83 27184
83 27131
83 27247
83 27505
83 27593
83 27071
83 27729
83 27230
83 27135
83 27546
83 27011
83 27485
83 27493
83 27403
83 27378
84 7150
84 7005
84 7145
84 6888
84 7047
84 7124
84 7154
84 7215
84 7328
84 6836
84 7303
84 7182
84 6858
84 7248
84 7323
84 7409
84 6899
84 6934
84 7235
84 7255
84 7282
84 6976
84 7033
84 7457
84 7023
84 6841
84 7208
84 6955
84 7370
84 7466
84 7484
84 7213
85 39174
85 39378
85 39263
85 39050
85 39408
85 39731
85 39093
85 39443
85 39711
85 39009
85 39415
85 39179
85 39270
85 39411
85 39110
85 39533
85 39190
85 39242
85 39669
85 39180
85 39457
85 39359
85 39732
85 39237
85 39127
85 39531
85 39148
85 39514
85 39400
85 39615
85 39387
85 39267
86 6359
86 6436
86 6006
86 6138
86 6491
86 6557
86 6454
86 6282
86 6360
86 6652
86 6314
86 6649
86 6741
86 6133
86 6003
86 6047
86 6426
86 6092
86 6642
86 6127
86 6745
86 6702
86 6182
86 6022
86 6536
86 6670
86 6210
86 6615
86 6522
86 6135
86 6331
86 6471
87 37724
87 37599
87 38025
87 38044
87 37718
87 37738
87 37673
87 37667
87 38222
87 37866
87 37531
87 37645
87 38200
87 37605
87 38045
87 37777
87 37826
87 37695
87 38209
87 37524
87 38081
87 37680
87 37972
87 37609
87 37659
87 37652
87 37672
87 37986
87 37580
87 37753
87 37867
87 38214
88 30931
88 31450
88 30983
88 30786
88 31076
88 30837
88 30902
88 31069
88 30845
88 31361
88 31179
88 31474
88 30867
88 31029
88 30758
88 30976
88 31015
88 30754
88 30796
88 31188
88 30921
88 31014
88 31356
88 30901
88 30893
88 30972
88 31239
88 31402
88 31483
88 31266
88 31340
88 31055
89 49537
89 49763
89 49895
89 49825
89 50135
89 49793
89 49779
89 49750
89 50061
89 49835
89 49957
89 49949
89 50101
89 49506
89 49867
89 49518
89 50154
89 49802
89 50238
89 49605
89 49583
89 49648
89 49954
89 49979
89 49563
89 50058
89 49729
89 49966
89 50003
89 50048
89 50067
89 49834
90 75115
90 75317
90 75144
90 75321
90 75707
90 75558
90 75402
90 75459
90 75702
90 75494
90 75254
90 75525
90 75543
90 75368
90 75300
90 75170
90 75167
90 75439
90 75208
90 75377
90 75270
90 75524
90 75575
90 75215
90 75734
90 75695
90 75004
90 75052
90 75507
90 75185
90 75306
90 75188
91 67076
91 67287
91 67271
91 67266
91 66797
91 66947
91 67350
91 66867
91 67438
91 67476
91 66860
91 67280
91 67048
91 66883
91 66756
91 67112
91 66761
91 66895
91 67320
91 66918
91 67498
91 67160
91 67176
91 67309
91 67118
91 67441
91 67041
91 67164
91 67499
91 67102
91 66770
91 66914
92 47412
92 47504
92 47870
92 47348
92 47932
92 47844
92 47593
92 47274
92 47394
92 47508
92 47638
92 47765
92 47905
92 47541
92 47489
92 47733
92 47675
92 47442
92 47447
92 47761
92 47960
92 47545
92 47983
92 47849
92 47884
92 47785
92 47665
92 47534
92 47869
92 47744
92 47946
92 47570
93 18518
93 18474
93 18719
93 18720
93 18575
93 18344
93 18656
93 18251
93 18607
93 18562
93 18422
93 18147
93 18475
93 18476
93 18709
93 18384
93 18174
93 18519
93 18714
93 18663
93 18173
93 18052
93 18354
93 18389
93 18487
93 18329
93 18308
93 18260
93 18334
93 18234
93 18507
93 18494
94 33713
94 33165
94 33590
94 33489
94 33563
94 33538
94 33641
94 33341
94 33264
94 33259
94 33629
94 33455
94 33334
94 33610
94 33505
94 33024
94 33437
94 33041
94 33232
94 33558
94 33363
94 33400
94 33168
94 33473
94 33599
94 33248
94 33336
94 33194
94 33474
94 33057
94 33508
94 33568
95 68045
95 67587
95 67565
95 68238
95 68141
95 67560
95 67894
95 67959
95 67936
95 67721
95 68062
95 67611
95 67981
95 67734
95 67672
95 67944
95 67556
95 67535
95 68090
95 67834
95 67548
95 68013
95 67582
95 68125
95 67568
95 68231
95 67745
95 67742
95 68138
95 67638
95 68102
95 68070
96 28277
96 28472
96 28038
96 27929
96 27840
96 28159
96 27753
96 28455
96 28235
96 27997
96 27865
96 27777
96 28198
96 28274
96 27856
96 28167
96 27920
96 27788
96 28240
96 27894
96 27827
96 28120
96 28386
96 27962
96 28396
96 28072
96 28392
96 28319
96 28042
96 28121
96 28092
96 28468
97 51796
97 51920
97 51935
97 52129
97 51964
97 51777
97 51767
97 51837
97 52426
97 51798
97 52203
97 52079
97 52405
97 51788
97 52045
97 51945
97 51863
97 52092
97 52103
97 52177
97 52436
97 51925
97 52228
97 51828
97 52027
97 51754
97 52004
97 52204
97 52415
97 51768
97 51906
97 51888
98 19430
98 19496
98 18808
98 19104
98 18980
98 19169
98 18774
98 19260
98 19048
98 19406
98 19253
98 19055
98 18983
98 18982
98 18925
98 18943
98 19045
98 19382
98 19105
98 18964
98 19273
98 18792
98 19356
98 18765
98 19088
98 18907
98 18839
98 18835
98 19425
98 18762
98 19153
98 18989
99 21228
99 21010
99 21077
99 21299
99 21336
99 21506
99 21450
99 21136
99 21421
99 21185
99 21529
99 21331
99 21472
99 21742
99 21268
99 21069
99 21183
99 21190
99 21148
99 21478
99 21562
99 21003
99 21386
99 21007
99 21594
99 21432
99 21194
99 21191
99 21588
99 21475
99 21698
99 21181
100 45812
100 45957
100 46393
100 46375
100 45821
100 46039
100 46435
100 46327
100 45799
100 46349
100 46070
100 46097
100 46136
100 46088
100 45935
100 45997
100 46014
100 46195
100 45853
100 46175
100 46358
100 45761
100 45888
100 45894
100 46215
100 46436
100 45955
100 46127
100 45769
100 46488
100 46122
100 46116
