0 113
0 33
0 31
0 106
0 120
0 71
0 63
0 96
0 65
0 24
0 133
0 70
0 114
0 126
0 107
0 49
0 90
0 20
0 141
0 84
0 108
0 101
0 143
0 149
0 97
0 109
0 88
0 34
0 22
0 13
0 98
0 14
1 1322
1 917
1 942
1 248
1 1405
1 984
1 665
1 1504
1 1206
1 1184
1 1266
1 1376
1 307
1 1346
1 838
1 1310
1 851
1 438
1 461
1 349
1 1114
1 1120
1 694
1 528
1 1096
1 1379
1 601
1 526
1 1256
1 603
1 1458
1 1556
2 1870
2 2955
2 2653
2 1914
2 2297
2 2598
2 2098
2 2413
2 2396
2 1781
2 2877
2 2730
2 2377
2 3117
2 2393
2 2218
2 2953
2 2133
2 1912
2 1830
2 2436
2 2552
2 2402
2 2567
2 2917
2 1680
2 3035
2 1651
2 2586
2 2807
2 1819
2 2243
3 3202
3 3938
3 3993
3 3921
3 3427
3 3607
3 3940
3 4084
3 3376
3 3823
3 3459
3 3667
3 3598
3 3307
3 3284
3 3637
3 3172
3 3889
3 3934
3 3994
3 3183
3 3248
3 3822
3 3868
3 3543
3 3739
3 4066
3 4030
3 3335
3 3985
3 3914
3 3688
4 5085
4 4943
4 5294
4 4308
4 4771
4 5277
4 4929
4 4978
4 4166
4 4280
4 4369
4 4834
4 5365
4 5397
4 5149
4 4465
4 5139
4 4161
4 4992
4 5249
4 4773
4 4191
4 4382
4 5001
4 4433
4 4399
4 5407
4 4526
4 4672
4 4885
4 5305
4 4482
5 5946
5 6063
5 5928
5 6496
5 6195
5 5520
5 6484
5 5509
5 5738
5 6081
5 5623
5 6481
5 6065
5 5610
5 6412
5 6108
5 5853
5 5809
5 6444
5 5999
5 5448
5 6395
5 5704
5 6078
5 5972
5 5814
5 5461
5 5810
5 5755
5 6483
5 6615
5 5884
6 6856
6 6897
6 6966
6 6860
6 6858
6 6838
6 6985
6 6710
6 6909
6 6899
6 6804
6 6924
6 6884
6 6778
6 6820
6 6864
6 6749
6 6919
6 6912
6 6948
6 6953
6 6972
6 6761
6 6796
6 6729
6 6969
6 6841
6 6836
6 6975
6 6968
6 6780
6 6830
7 7908
7 7493
7 7292
7 7082
7 7196
7 7548
7 7444
7 7365
7 7923
7 7667
7 7398
7 7859
7 7795
7 7437
7 7079
7 7502
7 7940
7 7616
7 7681
7 7741
7 7304
7 7184
7 7083
7 7620
7 7201
7 7429
7 7693
7 7441
7 7464
7 7539
7 7018
7 7793
8 8736
8 8801
8 8507
8 8505
8 8184
8 8264
8 8009
8 8618
8 7961
8 7971
8 8570
8 8111
8 8427
8 8350
8 8435
8 8358
8 8000
8 8702
8 8788
8 8394
8 8797
8 8653
8 8368
8 8599
8 8703
8 7974
8 8874
8 8527
8 8218
8 8502
8 8456
8 8094
9 9138
9 9081
9 9589
9 9694
9 9063
9 8929
9 9733
9 9479
9 9519
9 9496
9 9539
9 9442
9 9159
9 9273
9 9869
9 9780
9 9040
9 9521
9 9278
9 8940
9 8975
9 9128
9 9231
9 9507
9 9261
9 9465
9 9726
9 9874
9 9875
9 9419
9 9536
9 9268
10 10986
10 10013
10 9949
10 11155
10 10815
10 10741
10 9975
10 10290
10 11143
10 10739
10 10548
10 10514
10 10474
10 10434
10 10361
10 10061
10 11027
10 10327
10 11238
10 10463
10 10365
10 9919
10 11046
10 10984
10 10085
10 10311
10 10028
10 10351
10 10330
10 10655
10 10465
10 10720
11 11582
11 11808
11 11312
11 11288
11 11828
11 11359
11 12138
11 11643
11 11421
11 12149
11 11867
11 11313
11 11717
11 11620
11 12038
11 11843
11 11974
11 12004
11 11469
11 11900
11 11748
11 12128
11 12134
11 12002
11 11330
11 11944
11 12121
11 12107
11 11283
11 12083
11 11659
11 11566
12 12631
12 12436
12 13156
12 13294
12 13418
12 13161
12 12416
12 12489
12 12955
12 12330
12 12870
12 12853
12 12351
12 12154
12 13015
12 12742
12 13021
12 13545
12 13421
12 13438
12 12692
12 13101
12 12906
12 12385
12 13411
12 13424
12 13420
12 12446
12 13213
12 13116
12 12357
12 12661
13 14946
13 14249
13 14058
13 14704
13 13815
13 14473
13 14273
13 13823
13 13722
13 14659
13 13999
13 14095
13 14676
13 14333
13 14231
13 13673
13 14484
13 14813
13 14130
13 14941
13 13930
13 14862
13 14754
13 13706
13 14995
13 14778
13 14594
13 14556
13 13865
13 13731
13 14638
13 14046
14 15399
14 15270
14 15067
14 15387
14 15482
14 15514
14 15294
14 15450
14 15266
14 15507
14 15372
14 15040
14 15069
14 15349
14 15208
14 15245
14 15199
14 15022
14 15386
14 15026
14 15472
14 15464
14 15055
14 15274
14 15441
14 15081
14 15098
14 15011
14 15336
14 15375
14 15401
14 15167
15 15593
15 15642
15 15758
15 15681
15 15781
15 15713
15 15822
15 15720
15 15724
15 15712
15 15800
15 15853
15 15768
15 15788
15 15778
15 15846
15 15733
15 15714
15 15826
15 15837
15 15790
15 15541
15 15739
15 15624
15 15685
15 15643
15 15908
15 15551
15 15899
15 15865
15 15708
15 15798
16 16017
16 16127
16 16067
16 16112
16 16226
16 16009
16 16126
16 16063
16 15994
16 16231
16 16042
16 16158
16 16054
16 16214
16 16053
16 16005
16 15978
16 16102
16 16007
16 16034
16 16176
16 16190
16 16124
16 16141
16 16209
16 16174
16 16227
16 16182
16 16081
16 15972
16 16072
16 16175
17 16378
17 16627
17 16745
17 16746
17 16511
17 16538
17 16963
17 16471
17 16926
17 16920
17 16723
17 16686
17 16470
17 16898
17 16784
17 16422
17 16363
17 16341
17 16331
17 16883
17 16680
17 17007
17 16375
17 16930
17 16284
17 16799
17 16653
17 16601
17 16669
17 16480
17 16339
17 16792
18 17230
18 17592
18 17339
18 17024
18 17181
18 17363
18 17610
18 17570
18 17089
18 17542
18 17260
18 17237
18 17414
18 17566
18 17307
18 17324
18 17589
18 17119
18 17319
18 17667
18 17313
18 17715
18 17064
18 17249
18 17302
18 17599
18 17406
18 17348
18 17034
18 17791
18 17486
18 17063
19 17847
19 17870
19 17891
19 17966
19 17947
19 17933
19 17932
19 17942
19 17846
19 17965
19 17822
19 17946
19 17840
19 17925
19 17948
19 17856
19 17902
19 17906
19 17880
19 17917
19 17934
19 17953
19 17873
19 17956
19 17889
19 17830
19 17839
19 17961
19 17863
19 17868
19 17911
19 17904
20 18182
20 18087
20 18209
20 18049
20 18078
20 18046
20 18010
20 18042
20 18003
20 18197
20 17996
20 18107
20 18041
20 17991
20 18047
20 18132
20 17984
20 18019
20 18191
20 18006
20 18080
20 18082
20 18043
20 18110
20 18037
20 18011
20 18178
20 18073
20 18095
20 17973
20 18013
20 18139
21 18374
21 18303
21 18293
21 18448
21 18391
21 18380
21 18306
21 18355
21 18420
21 18344
21 18371
21 18325
21 18239
21 18357
21 18404
21 18266
21 18243
21 18213
21 18280
21 18259
21 18417
21 18234
21 18292
21 18354
21 18222
21 18350
21 18233
21 18315
21 18304
21 18375
21 18334
21 18369
22 18530
22 18661
22 18496
22 18708
22 18686
22 18669
22 18477
22 18687
22 18595
22 18537
22 18482
22 18489
22 18695
22 18715
22 18575
22 18664
22 18533
22 18667
22 18518
22 18532
22 18663
22 18517
22 18635
22 18567
22 18660
22 18673
22 18649
22 18628
22 18699
22 18580
22 18681
22 18569
23 18729
23 18815
23 18903
23 18748
23 19028
23 18739
23 18988
23 18725
23 18770
23 18869
23 18972
23 19025
23 18730
23 18768
23 18780
23 18772
23 18933
23 19027
23 18856
23 18913
23 19035
23 18849
23 18835
23 18905
23 19036
23 18948
23 18954
23 18794
23 18943
23 19040
23 18910
23 18976
24 19093
24 19086
24 19121
24 19172
24 19146
24 19258
24 19105
24 19144
24 19234
24 19140
24 19188
24 19182
24 19193
24 19156
24 19081
24 19167
24 19177
24 19171
24 19094
24 19112
24 19085
24 19080
24 19190
24 19180
24 19196
24 19239
24 19091
24 19147
24 19116
24 19084
24 19129
24 19240
25 19456
25 19591
25 19444
25 19640
25 20041
25 19917
25 20242
25 20109
25 19967
25 19303
25 19563
25 19400
25 20265
25 20183
25 19648
25 19414
25 20120
25 19636
25 19418
25 19878
25 19355
25 19498
25 20250
25 20004
25 19362
25 19586
25 19813
25 20038
25 20039
25 20133
25 20089
25 19389
26 20563
26 20413
26 20354
26 20582
26 20432
26 20362
26 20587
26 20660
26 20634
26 20510
26 20388
26 20539
26 20390
26 20370
26 20377
26 20403
26 20320
26 20619
26 20623
26 20490
26 20356
26 20691
26 20692
26 20291
26 20579
26 20402
26 20363
26 20652
26 20678
26 20576
26 20314
26 20429
27 20863
27 20877
27 20833
27 20744
27 20715
27 20802
27 20713
27 20870
27 20836
27 20702
27 20719
27 20731
27 20706
27 20729
27 20844
27 20760
27 20807
27 20739
27 20748
27 20858
27 20868
27 20819
27 20773
27 20747
27 20865
27 20872
27 20815
27 20859
27 20856
27 20785
27 20791
27 20732
28 21130
28 20906
28 21002
28 21086
28 21139
28 20931
28 21227
28 21198
28 20917
28 21157
28 20989
28 20901
28 21054
28 21084
28 20979
28 21055
28 20905
28 21109
28 21143
28 20922
28 21173
28 21083
28 20942
28 21116
28 21073
28 21051
28 21062
28 20992
28 20892
28 21100
28 21150
28 21161
29 21355
29 21412
29 21382
29 21271
29 21360
29 21399
29 21260
29 21389
29 21261
29 21315
29 21321
29 21312
29 21268
29 21401
29 21318
29 21251
29 21310
29 21328
29 21379
29 21386
29 21390
29 21269
29 21331
29 21289
29 21293
29 21402
29 21279
29 21337
29 21359
29 21332
29 21374
29 21418
30 21551
30 21532
30 21437
30 21681
30 21434
30 21544
30 21697
30 21545
30 21557
30 21665
30 21600
30 21562
30 21446
30 21597
30 21696
30 21625
30 21443
30 21489
30 21649
30 21577
30 21467
30 21705
30 21635
30 21436
30 21460
30 21448
30 21558
30 21432
30 21668
30 21634
30 21678
30 21499
31 22081
31 22189
31 21770
31 22000
31 22211
31 22233
31 22142
31 21983
31 22009
31 22202
31 21873
31 21962
31 22218
31 21779
31 22252
31 22016
31 21834
31 21764
31 21852
31 22001
31 22025
31 21761
31 21992
31 21982
31 21874
31 22149
31 21950
31 22231
31 22258
31 21974
31 22122
31 22082
32 22388
32 22287
32 22407
32 22405
32 22262
32 22409
32 22288
32 22423
32 22424
32 22428
32 22378
32 22352
32 22303
32 22366
32 22285
32 22365
32 22427
32 22429
32 22390
32 22425
32 22339
32 22304
32 22296
32 22412
32 22266
32 22269
32 22343
32 22341
32 22310
32 22367
32 22368
32 22382
33 22837
33 22490
33 22568
33 22471
33 22639
33 22811
33 22479
33 22524
33 22509
33 22690
33 22632
33 22712
33 22772
33 22733
33 22769
33 22829
33 22477
33 22566
33 22570
33 22810
33 22677
33 22492
33 22685
33 22538
33 22805
33 22740
33 22626
33 22462
33 22838
33 22456
33 22843
33 22708
34 23005
34 23021
34 23045
34 23093
34 22954
34 23079
34 23023
34 23198
34 22970
34 23034
34 23074
34 22964
34 23060
34 23212
34 22948
34 23016
34 23184
34 23130
34 23133
34 23065
34 22951
34 22990
34 23208
34 23055
34 22945
34 23014
34 23010
34 23176
34 22944
34 23052
34 23105
34 23053
35 23783
35 23372
35 23609
35 23885
35 23606
35 23823
35 23786
35 23607
35 23579
35 24015
35 23240
35 23663
35 23625
35 23269
35 23245
35 23510
35 23431
35 23847
35 23489
35 23765
35 24028
35 23406
35 23838
35 23840
35 23716
35 23499
35 23636
35 23651
35 23708
35 23349
35 23239
35 23286
36 24135
36 24142
36 24273
36 24111
36 24272
36 24199
36 24069
36 24139
36 24179
36 24152
36 24157
36 24197
36 24095
36 24041
36 24202
36 24084
36 24164
36 24077
36 24048
36 24283
36 24289
36 24231
36 24220
36 24131
36 24079
36 24221
36 24101
36 24296
36 24085
36 24137
36 24081
36 24185
37 24370
37 24431
37 24300
37 24335
37 24447
37 24380
37 24381
37 24366
37 24393
37 24377
37 24308
37 24394
37 24317
37 24332
37 24316
37 24391
37 24339
37 24420
37 24347
37 24323
37 24311
37 24423
37 24342
37 24343
37 24355
37 24442
37 24352
37 24353
37 24328
37 24336
37 24325
37 24397
38 25412
38 24526
38 25421
38 24481
38 25822
38 24935
38 25463
38 25588
38 24789
38 25635
38 24960
38 24915
38 25618
38 24945
38 25397
38 25034
38 25462
38 25753
38 24823
38 25747
38 25585
38 25043
38 25283
38 25146
38 25369
38 25070
38 25600
38 24696
38 24980
38 25818
38 24808
38 25754
39 26034
39 25856
39 26000
39 25846
39 25925
39 26018
39 25914
39 25877
39 25857
39 25879
39 25982
39 25887
39 25924
39 25969
39 25946
39 25859
39 26033
39 26035
39 26030
39 26016
39 25999
39 25965
39 25958
39 25981
39 25931
39 25890
39 25974
39 25987
39 25934
39 26015
39 25839
39 25906
40 26161
40 26205
40 26101
40 26183
40 26177
40 26155
40 26193
40 26041
40 26170
40 26072
40 26058
40 26077
40 26227
40 26184
40 26239
40 26088
40 26160
40 26192
40 26271
40 26059
40 26229
40 26204
40 26251
40 26180
40 26173
40 26092
40 26129
40 26252
40 26225
40 26040
40 26091
40 26125
41 26282
41 26384
41 26439
41 26296
41 26440
41 26373
41 26417
41 26459
41 26380
41 26369
41 26340
41 26293
41 26386
41 26283
41 26376
41 26311
41 26409
41 26313
41 26285
41 26348
41 26391
41 26300
41 26338
41 26375
41 26339
41 26419
41 26458
41 26306
41 26454
41 26294
41 26450
41 26423
42 26519
42 26487
42 26547
42 26535
42 26562
42 26514
42 26501
42 26482
42 26599
42 26515
42 26530
42 26583
42 26504
42 26563
42 26463
42 26610
42 26605
42 26567
42 26493
42 26607
42 26529
42 26596
42 26595
42 26572
42 26510
42 26538
42 26536
42 26620
42 26542
42 26598
42 26545
42 26551
