0 266
0 195
0 218
0 447
0 62
0 251
0 140
0 63
0 351
0 450
0 491
0 248
0 158
0 146
0 364
0 10
0 333
0 219
0 330
0 284
0 270
0 428
0 110
0 157
0 279
0 467
0 280
0 5
0 127
0 262
0 108
0 271
1 574
1 954
1 803
1 705
1 753
1 981
1 886
1 643
1 539
1 560
1 632
1 972
1 798
1 651
1 677
1 721
1 894
1 696
1 746
1 740
1 598
1 507
1 702
1 983
1 614
1 524
1 845
1 712
1 551
1 546
1 724
1 656
2 1396
2 1329
2 1247
2 1269
2 1441
2 1356
2 1020
2 1421
2 1455
2 1010
2 1071
2 1131
2 1007
2 1122
2 1143
2 1127
2 1321
2 1275
2 1281
2 1470
2 1176
2 1192
2 1221
2 1399
2 1153
2 1432
2 1006
2 1319
2 1070
2 1091
2 1024
2 1073
3 1916
3 1745
3 1910
3 1889
3 1984
3 1825
3 1605
3 1716
3 1544
3 1929
3 1529
3 1951
3 1909
3 1841
3 1857
3 1575
3 1683
3 1633
3 1965
3 1760
3 1518
3 1679
3 1859
3 1735
3 1630
3 1642
3 1563
3 1593
3 1871
3 1714
3 1778
3 1722
4 2136
4 2199
4 2378
4 2121
4 2112
4 2438
4 2424
4 2363
4 2410
4 2280
4 2014
4 2062
4 2418
4 2334
4 2489
4 2175
4 2051
4 2386
4 2036
4 2475
4 2025
4 2388
4 2496
4 2155
4 2180
4 2185
4 2013
4 2090
4 2479
4 2169
4 2483
4 2081
5 2829
5 2983
5 2596
5 2872
5 2953
5 2651
5 2717
5 2720
5 2891
5 2556
5 2574
5 2794
5 2978
5 2827
5 2585
5 2670
5 2803
5 2630
5 2838
5 2527
5 2922
5 2806
5 2562
5 2522
5 2709
5 2949
5 2944
5 2680
5 2623
5 2807
5 2581
5 2560
6 3071
6 3409
6 3313
6 3494
6 3369
6 3361
6 3174
6 3109
6 3450
6 3432
6 3112
6 3267
6 3224
6 3217
6 3386
6 3126
6 3266
6 3345
6 3118
6 3348
6 3371
6 3284
6 3200
6 3295
6 3486
6 3066
6 3113
6 3242
6 3208
6 3330
6 3171
6 3067
7 3692
7 3742
7 3566
7 3649
7 3681
7 3638
7 3584
7 3773
7 3977
7 3828
7 3712
7 3732
7 3635
7 3548
7 3901
7 3667
7 3592
7 3702
7 3738
7 3802
7 3850
7 3683
7 3705
7 3759
7 3767
7 3812
7 3602
7 3996
7 3903
7 3819
7 3642
7 3672
8 4431
8 4393
8 4318
8 4309
8 4044
8 4384
8 4485
8 4287
8 4173
8 4471
8 4302
8 4476
8 4017
8 4428
8 4132
8 4111
8 4045
8 4324
8 4239
8 4490
8 4025
8 4071
8 4145
8 4407
8 4109
8 4070
8 4151
8 4150
8 4430
8 4152
8 4057
8 4034
9 4927
9 4588
9 4512
9 4876
9 4755
9 4749
9 4676
9 4682
9 4948
9 4584
9 4814
9 4631
9 4924
9 4952
9 4659
9 4795
9 4982
9 4717
9 4839
9 4728
9 4889
9 4818
9 4527
9 4578
9 4916
9 4501
9 4867
9 4787
9 4918
9 4874
9 4862
9 4993
10 5239
10 5303
10 5159
10 5148
10 5099
10 5082
10 5366
10 5420
10 5480
10 5116
10 5419
10 5039
10 5113
10 5223
10 5291
10 5167
10 5266
10 5329
10 5440
10 5426
10 5362
10 5188
10 5136
10 5128
10 5194
10 5054
10 5227
10 5361
10 5333
10 5252
10 5347
10 5363
11 5526
11 5581
11 5965
11 5745
11 5597
11 5598
11 5873
11 5701
11 5727
11 5601
11 5854
11 5748
11 5981
11 5990
11 5604
11 5669
11 5758
11 5903
11 5988
11 5786
11 5785
11 5901
11 5962
11 5910
11 5626
11 5567
11 5538
11 5606
11 5880
11 5915
11 5586
11 5544
12 6164
12 6410
12 6469
12 6225
12 6094
12 6444
12 6081
12 6428
12 6127
12 6058
12 6495
12 6442
12 6181
12 6430
12 6211
12 6245
12 6382
12 6244
12 6116
12 6461
12 6067
12 6333
12 6264
12 6254
12 6418
12 6157
12 6417
12 6483
12 6260
12 6279
12 6091
12 6394
13 6992
13 6754
13 6765
13 6564
13 6874
13 6526
13 6723
13 6639
13 6840
13 6511
13 6512
13 6760
13 6898
13 6626
13 6616
13 6515
13 6555
13 6579
13 6980
13 6662
13 6906
13 6895
13 6682
13 6628
13 6602
13 6944
13 6927
13 6689
13 6812
13 6597
13 6680
13 6539
14 7478
14 7154
14 7452
14 7121
14 7151
14 7153
14 7144
14 7068
14 7435
14 7200
14 7050
14 7218
14 7396
14 7150
14 7019
14 7276
14 7433
14 7464
14 7369
14 7025
14 7444
14 7432
14 7339
14 7181
14 7329
14 7113
14 7314
14 7255
14 7145
14 7057
14 7136
14 7026
15 7570
15 7792
15 7968
15 7586
15 7723
15 7514
15 7800
15 7629
15 7765
15 7583
15 7533
15 7669
15 7751
15 7840
15 7577
15 7849
15 7609
15 7802
15 7866
15 7979
15 7700
15 7983
15 7541
15 7606
15 7774
15 7842
15 7550
15 7839
15 7836
15 7635
15 7798
15 7727
16 8468
16 8338
16 8169
16 8444
16 8253
16 8332
16 8007
16 8262
16 8018
16 8056
16 8035
16 8065
16 8379
16 8096
16 8325
16 8136
16 8272
16 8463
16 8281
16 8082
16 8255
16 8083
16 8398
16 8164
16 8106
16 8448
16 8409
16 8447
16 8314
16 8236
16 8385
16 8266
17 8746
17 8537
17 8560
17 8584
17 8824
17 8649
17 8877
17 8860
17 8650
17 8914
17 8878
17 8710
17 8630
17 8960
17 8994
17 8861
17 8645
17 8770
17 8943
17 8549
17 8517
17 8829
17 8575
17 8557
17 8838
17 8566
17 8782
17 8660
17 8715
17 8822
17 8919
17 8851
18 9296
18 9012
18 9278
18 9197
18 9470
18 9394
18 9142
18 9350
18 9211
18 9206
18 9301
18 9162
18 9381
18 9364
18 9429
18 9373
18 9136
18 9032
18 9176
18 9316
18 9046
18 9476
18 9060
18 9228
18 9146
18 9253
18 9049
18 9493
18 9022
18 9033
18 9484
18 9304
19 9912
19 9731
19 9667
19 9626
19 9963
19 9834
19 9975
19 9752
19 9818
19 9617
19 9811
19 9967
19 9517
19 9742
19 9950
19 9645
19 9800
19 9682
19 9704
19 9765
19 9613
19 9608
19 9629
19 9782
19 9965
19 9795
19 9940
19 9921
19 9832
19 9582
19 9982
19 9918
20 10133
20 10129
20 10283
20 10451
20 10345
20 10288
20 10001
20 10416
20 10167
20 10175
20 10105
20 10234
20 10223
20 10033
20 10096
20 10146
20 10488
20 10099
20 10468
20 10330
20 10186
20 10087
20 10031
20 10428
20 10461
20 10097
20 10390
20 10015
20 10127
20 10383
20 10344
20 10298
21 10937
21 10825
21 10872
21 10655
21 10899
21 10509
21 10816
21 10511
21 10709
21 10849
21 10859
21 10853
21 10727
21 10935
21 10533
21 10910
21 10520
21 10908
21 10571
21 10661
21 10856
21 10566
21 10799
21 10664
21 10882
21 10625
21 10619
21 10982
21 10538
21 10634
21 10750
21 10906
22 11012
22 11205
22 11412
22 11254
22 11426
22 11260
22 11138
22 11416
22 11476
22 11311
22 11256
22 11070
22 11299
22 11372
22 11360
22 11339
22 11281
22 11388
22 11414
22 11032
22 11241
22 11428
22 11350
22 11463
22 11278
22 11209
22 11091
22 11016
22 11040
22 11124
22 11432
22 11173
23 11588
23 11633
23 11699
23 11771
23 11969
23 11511
23 11991
23 11850
23 11782
23 11515
23 11583
23 11695
23 11552
23 11668
23 11703
23 11671
23 11766
23 11521
23 11961
23 11587
23 11601
23 11904
23 11620
23 11652
23 11691
23 11941
23 11977
23 11551
23 11700
23 11762
23 11874
23 11868
24 12300
24 12463
24 12188
24 12421
24 12110
24 12487
24 12369
24 12149
24 12418
24 12443
24 12330
24 12082
24 12298
24 12240
24 12135
24 12201
24 12269
24 12151
24 12124
24 12066
24 12311
24 12314
24 12140
24 12368
24 12157
24 12399
24 12322
24 12145
24 12393
24 12096
24 12325
24 12153
25 12570
25 12921
25 12535
25 12912
25 12565
25 12603
25 12788
25 12549
25 12745
25 12802
25 12623
25 12697
25 12934
25 12845
25 12965
25 12520
25 12750
25 12704
25 12871
25 12820
25 12819
25 12503
25 12645
25 12675
25 12700
25 12935
25 12846
25 12635
25 12619
25 12757
25 12766
25 12833
26 13195
26 13491
26 13411
26 13141
26 13301
26 13113
26 13065
26 13100
26 13143
26 13349
26 13124
26 13128
26 13269
26 13306
26 13095
26 13465
26 13387
26 13093
26 13056
26 13482
26 13260
26 13497
26 13275
26 13192
26 13109
26 13101
26 13352
26 13172
26 13199
26 13438
26 13068
26 13046
27 13662
27 13843
27 13578
27 13645
27 13795
27 13951
27 13769
27 13765
27 13885
27 13760
27 13977
27 13657
27 13599
27 13809
27 13694
27 13561
27 13778
27 13635
27 13596
27 13700
27 13875
27 13627
27 13910
27 13749
27 13735
27 13826
27 13872
27 13647
27 13621
27 13681
27 13969
27 13886
28 14224
28 14190
28 14066
28 14383
28 14072
28 14463
28 14247
28 14301
28 14202
28 14142
28 14225
28 14363
28 14411
28 14304
28 14379
28 14056
28 14252
28 14135
28 14365
28 14067
28 14099
28 14470
28 14429
28 14052
28 14355
28 14189
28 14390
28 14267
28 14372
28 14136
28 14021
28 14297
29 14691
29 14631
29 14554
29 14746
29 14537
29 14799
29 14982
29 14607
29 14831
29 14624
29 14937
29 14615
29 14524
29 14542
29 14532
29 14874
29 14643
29 14902
29 14697
29 14756
29 14707
29 14616
29 14852
29 14577
29 14686
29 14684
29 14914
29 14804
29 14559
29 14603
29 14844
29 14730
30 15265
30 15131
30 15490
30 15190
30 15183
30 15450
30 15259
30 15341
30 15451
30 15294
30 15065
30 15463
30 15359
30 15415
30 15168
30 15133
30 15491
30 15071
30 15139
30 15322
30 15445
30 15142
30 15001
30 15092
30 15037
30 15395
30 15219
30 15407
30 15255
30 15085
30 15048
30 15364
31 15687
31 15998
31 15791
31 15599
31 15576
31 15513
31 15871
31 15945
31 15970
31 15554
31 15555
31 15997
31 15883
31 15819
31 15551
31 15750
31 15680
31 15670
31 15777
31 15569
31 15783
31 15608
31 15512
31 15758
31 15612
31 15891
31 15511
31 15631
31 15889
31 15704
31 15587
31 15855
32 16477
32 16390
32 16131
32 16406
32 16336
32 16360
32 16173
32 16315
32 16039
32 16207
32 16331
32 16493
32 16169
32 16445
32 16448
32 16198
32 16113
32 16497
32 16249
32 16218
32 16188
32 16410
32 16416
32 16359
32 16194
32 16484
32 16159
32 16373
32 16098
32 16191
32 16307
32 16056
33 16537
33 16540
33 16918
33 16524
33 16662
33 16543
33 16981
33 16984
33 16864
33 16785
33 16703
33 16914
33 16526
33 16509
33 16712
33 16686
33 16518
33 16530
33 16507
33 16623
33 16695
33 16949
33 16955
33 16542
33 16503
33 16846
33 16858
33 16939
33 16715
33 16991
33 16702
33 16720
34 17204
34 17481
34 17463
34 17091
34 17095
34 17079
34 17029
34 17304
34 17307
34 17175
34 17426
34 17450
34 17065
34 17112
34 17317
34 17365
34 17225
34 17275
34 17246
34 17306
34 17475
34 17336
34 17346
34 17128
34 17187
34 17265
34 17257
34 17485
34 17157
34 17268
34 17007
34 17224
35 17558
35 17595
35 17620
35 17628
35 17695
35 17886
35 17883
35 17711
35 17893
35 17787
35 17794
35 17861
35 17566
35 17592
35 17771
35 17674
35 17800
35 17514
35 17660
35 17626
35 17971
35 17612
35 17917
35 17818
35 17563
35 17833
35 17816
35 17952
35 17817
35 17882
35 17895
35 17759
36 18316
36 18140
36 18205
36 18213
36 18220
36 18111
36 18443
36 18202
36 18481
36 18189
36 18022
36 18097
36 18076
36 18433
36 18301
36 18257
36 18108
36 18028
36 18429
36 18345
36 18444
36 18215
36 18414
36 18489
36 18045
36 18081
36 18078
36 18049
36 18173
36 18060
36 18043
36 18272
37 18990
37 18988
37 18865
37 18529
37 18984
37 18871
37 18731
37 18582
37 18780
37 18531
37 18926
37 18786
37 18945
37 18923
37 18590
37 18729
37 18640
37 18677
37 18667
37 18747
37 18931
37 18994
37 18591
37 18658
37 18847
37 18901
37 18566
37 18620
37 18863
37 18798
37 18902
37 18651
38 19007
38 19212
38 19497
38 19334
38 19119
38 19314
38 19493
38 19400
38 19485
38 19297
38 19023
38 19417
38 19470
38 19198
38 19361
38 19423
38 19075
38 19305
38 19178
38 19327
38 19043
38 19036
38 19406
38 19101
38 19091
38 19451
38 19180
38 19357
38 19191
38 19206
38 19113
38 19008
39 19894
39 19866
39 19825
39 19855
39 19958
39 19787
39 19956
39 19517
39 19864
39 19741
39 19817
39 19856
39 19852
39 19728
39 19865
39 19521
39 19965
39 19797
39 19764
39 19814
39 19811
39 19939
39 19834
39 19763
39 19879
39 19705
39 19684
39 19917
39 19768
39 19943
39 19542
39 19830
40 20289
40 20252
40 20268
40 20361
40 20223
40 20172
40 20385
40 20323
40 20109
40 20358
40 20296
40 20128
40 20256
40 20459
40 20357
40 20163
40 20316
40 20112
40 20187
40 20212
40 20472
40 20120
40 20072
40 20257
40 20290
40 20079
40 20028
40 20185
40 20279
40 20320
40 20047
40 20083
41 20563
41 20662
41 20541
41 20749
41 20678
41 20646
41 20850
41 20633
41 20553
41 20909
41 20654
41 20634
41 20837
41 20845
41 20597
41 20715
41 20627
41 20807
41 20611
41 20624
41 20828
41 20905
41 20879
41 20858
41 20527
41 20708
41 20742
41 20519
41 20625
41 20548
41 20804
41 20887
42 21228
42 21279
42 21233
42 21326
42 21156
42 21410
42 21158
42 21236
42 21460
42 21198
42 21425
42 21397
42 21134
42 21042
42 21334
42 21488
42 21130
42 21210
42 21178
42 21153
42 21074
42 21147
42 21493
42 21192
42 21497
42 21262
42 21071
42 21141
42 21154
42 21076
42 21093
42 21104
43 21678
43 21589
43 21997
43 21808
43 21894
43 21581
43 21819
43 21983
43 21948
43 21686
43 21712
43 21939
43 21964
43 21889
43 21782
43 21792
43 21868
43 21514
43 21728
43 21636
43 21743
43 21556
43 21883
43 21685
43 21505
43 21821
43 21646
43 21622
43 21718
43 21601
43 21827
43 21710
44 22434
44 22186
44 22104
44 22190
44 22385
44 22030
44 22010
44 22133
44 22321
44 22117
44 22033
44 22043
44 22368
44 22137
44 22217
44 22184
44 22178
44 22386
44 22439
44 22148
44 22252
44 22449
44 22487
44 22344
44 22024
44 22443
44 22313
44 22194
44 22123
44 22497
44 22108
44 22452
45 22714
45 22614
45 22796
45 22578
45 22629
45 22702
45 22913
45 22659
45 22930
45 22848
45 22582
45 22738
45 22973
45 22987
45 22787
45 22981
45 22888
45 22563
45 22731
45 22795
45 22939
45 22975
45 22814
45 22638
45 22523
45 22965
45 22539
45 22892
45 22688
45 22801
45 22914
45 22697
46 23474
46 23461
46 23121
46 23198
46 23012
46 23186
46 23089
46 23060
46 23263
46 23281
46 23356
46 23296
46 23331
46 23017
46 23421
46 23273
46 23319
46 23157
46 23122
46 23160
46 23073
46 23422
46 23185
46 23358
46 23393
46 23226
46 23158
46 23196
46 23384
46 23100
46 23325
46 23235
47 23565
47 23955
47 23814
47 23959
47 23903
47 23633
47 23628
47 23555
47 23698
47 23957
47 23832
47 23939
47 23664
47 23701
47 23904
47 23784
47 23841
47 23928
47 23750
47 23851
47 23896
47 23616
47 23888
47 23756
47 23561
47 23761
47 23958
47 23535
47 23522
47 23732
47 23615
47 23677
48 24072
48 24077
48 24250
48 24112
48 24242
48 24029
48 24289
48 24371
48 24434
48 24457
48 24022
48 24488
48 24345
48 24107
48 24181
48 24122
48 24206
48 24469
48 24073
48 24463
48 24383
48 24179
48 24309
48 24017
48 24454
48 24443
48 24422
48 24385
48 24087
48 24086
48 24420
48 24278
49 24719
49 24682
49 24540
49 24892
49 24747
49 24603
49 24611
49 24850
49 24782
49 24510
49 24605
49 24551
49 24616
49 24749
49 24714
49 24873
49 24971
49 24613
49 24805
49 24650
49 24535
49 24798
49 24610
49 24547
49 24512
49 24735
49 24514
49 24767
49 24770
49 24825
49 24509
49 24552
50 25031
50 25117
50 25047
50 25199
50 25189
50 25038
50 25071
50 25237
50 25114
50 25488
50 25107
50 25353
50 25310
50 25125
50 25086
50 25026
50 25492
50 25204
50 25094
50 25020
50 25315
50 25483
50 25120
50 25161
50 25466
50 25356
50 25203
50 25427
50 25288
50 25085
50 25043
50 25225
51 25643
51 25689
51 25636
51 25559
51 25861
51 25835
51 25521
51 25782
51 25539
51 25962
51 25893
51 25549
51 25545
51 25759
51 25813
51 25532
51 25666
51 25565
51 25617
51 25907
51 25886
51 25787
51 25723
51 25632
51 25630
51 25725
51 25683
51 25622
51 25994
51 25548
51 25599
51 25981
52 26242
52 26134
52 26229
52 26451
52 26192
52 26384
52 26383
52 26431
52 26179
52 26120
52 26142
52 26058
52 26311
52 26236
52 26011
52 26149
52 26026
52 26037
52 26479
52 26356
52 26339
52 26158
52 26132
52 26488
52 26453
52 26118
52 26080
52 26092
52 26467
52 26188
52 26024
52 26168
53 26920
53 26977
53 26562
53 26615
53 26998
53 26837
53 26639
53 26902
53 26818
53 26566
53 26638
53 26719
53 26814
53 26672
53 26731
53 26854
53 26890
53 26913
53 26530
53 26700
53 26538
53 26952
53 26988
53 26922
53 26582
53 26722
53 26944
53 26633
53 26724
53 26832
53 26813
53 26856
54 27235
54 27336
54 27451
54 27034
54 27449
54 27324
54 27348
54 27039
54 27133
54 27142
54 27394
54 27220
54 27492
54 27257
54 27447
54 27296
54 27471
54 27371
54 27095
54 27391
54 27439
54 27165
54 27440
54 27332
54 27273
54 27198
54 27030
54 27127
54 27426
54 27488
54 27349
54 27055
55 27972
55 27880
55 27729
55 27671
55 27888
55 27978
55 27967
55 27664
55 27681
55 27908
55 27796
55 27563
55 27961
55 27675
55 27724
55 27713
55 27801
55 27999
55 27847
55 27846
55 27555
55 27720
55 27946
55 27808
55 27727
55 27836
55 27958
55 27863
55 27524
55 27570
55 27730
55 27567
56 28451
56 28397
56 28151
56 28413
56 28198
56 28177
56 28359
56 28191
56 28329
56 28298
56 28308
56 28172
56 28367
56 28079
56 28239
56 28489
56 28428
56 28127
56 28430
56 28253
56 28312
56 28076
56 28031
56 28282
56 28013
56 28259
56 28384
56 28342
56 28437
56 28069
56 28175
56 28170
57 28603
57 28834
57 28995
57 28823
57 28737
57 28845
57 28551
57 28963
57 28741
57 28544
57 28635
57 28816
57 28786
57 28528
57 28672
57 28579
57 28560
57 28703
57 28937
57 28692
57 28920
57 28840
57 28674
57 28945
57 28871
57 28923
57 28666
57 28883
57 28807
57 28546
57 28707
57 28972
58 29448
58 29273
58 29087
58 29307
58 29404
58 29022
58 29141
58 29459
58 29218
58 29084
58 29259
58 29110
58 29409
58 29261
58 29345
58 29487
58 29468
58 29114
58 29190
58 29207
58 29427
58 29158
58 29144
58 29478
58 29020
58 29044
58 29326
58 29338
58 29245
58 29208
58 29164
58 29342
59 29707
59 29648
59 29553
59 29795
59 29741
59 29574
59 29704
59 29909
59 29757
59 29686
59 29637
59 29601
59 29676
59 29982
59 29638
59 29562
59 29814
59 29716
59 29755
59 29634
59 29600
59 29516
59 29890
59 29678
59 29777
59 29721
59 29723
59 29956
59 29692
59 29828
59 29792
59 29740
60 30304
60 30340
60 30479
60 30067
60 30047
60 30250
60 30033
60 30359
60 30457
60 30475
60 30281
60 30477
60 30298
60 30424
60 30110
60 30018
60 30185
60 30299
60 30001
60 30371
60 30086
60 30151
60 30226
60 30485
60 30255
60 30113
60 30391
60 30277
60 30224
60 30348
60 30087
60 30293
61 30979
61 30567
61 30547
61 30804
61 30840
61 30836
61 30607
61 30765
61 30974
61 30712
61 30866
61 30803
61 30655
61 30858
61 30532
61 30664
61 30802
61 30587
61 30600
61 30849
61 30533
61 30990
61 30822
61 30867
61 30505
61 30557
61 30808
61 30936
61 30663
61 30739
61 30860
61 30666
62 31047
62 31304
62 31340
62 31479
62 31067
62 31441
62 31492
62 31352
62 31444
62 31103
62 31250
62 31351
62 31328
62 31438
62 31274
62 31021
62 31462
62 31476
62 31068
62 31120
62 31124
62 31367
62 31106
62 31458
62 31293
62 31347
62 31082
62 31171
62 31465
62 31140
62 31341
62 31431
63 31840
63 31979
63 31567
63 31547
63 31804
63 31602
63 31724
63 31827
63 31660
63 31595
63 31991
63 31969
63 31757
63 31583
63 31812
63 31903
63 31793
63 31718
63 31990
63 31823
63 31634
63 31989
63 31872
63 31763
63 31854
63 31882
63 31975
63 31822
63 31506
63 31863
63 31720
63 31953
64 32067
64 32047
64 32304
64 32340
64 32479
64 32453
64 32023
64 32486
64 32481
64 32300
64 32115
64 32317
64 32467
64 32441
64 32483
64 32243
64 32239
64 32484
64 32043
64 32210
64 32451
64 32347
64 32131
64 32292
64 32374
64 32428
64 32063
64 32153
64 32117
64 32163
64 32275
64 32133
65 32547
65 32804
65 32840
65 32979
65 32567
65 32977
65 32949
65 32543
65 32825
65 32726
65 32654
65 32526
65 32544
65 32688
65 32666
65 32676
65 32559
65 32932
65 32703
65 32670
65 32620
65 32801
65 32863
65 32604
65 32834
65 32820
65 32529
65 32542
65 32822
65 32590
65 32649
65 32686
66 33479
66 33067
66 33047
66 33304
66 33340
66 33452
66 33061
66 33174
66 33130
66 33334
66 33370
66 33223
66 33135
66 33195
66 33136
66 33262
66 33137
66 33103
66 33353
66 33059
66 33084
66 33444
66 33361
66 33415
66 33487
66 33401
66 33133
66 33282
66 33359
66 33491
66 33492
66 33147
67 33547
67 33804
67 33840
67 33979
67 33567
67 33847
67 33754
67 33589
67 33930
67 33775
67 33604
67 33562
67 33896
67 33938
67 33531
67 33688
67 33770
67 33773
67 33761
67 33848
67 33837
67 33578
67 33984
67 33927
67 33740
67 33972
67 33735
67 33676
67 33948
67 33805
67 33590
67 33916
68 34304
68 34340
68 34479
68 34067
68 34047
68 34087
68 34074
68 34031
68 34150
68 34174
68 34209
68 34286
68 34268
68 34131
68 34363
68 34088
68 34323
68 34466
68 34415
68 34318
68 34400
68 34262
68 34379
68 34046
68 34312
68 34469
68 34028
68 34106
68 34478
68 34324
68 34191
68 34197
69 34979
69 34567
69 34547
69 34804
69 34840
69 34702
69 34576
69 34760
69 34899
69 34660
69 34582
69 34705
69 34711
69 34678
69 34810
69 34599
69 34664
69 34961
69 34536
69 34990
69 34713
69 34774
69 34902
69 34766
69 34803
69 34900
69 34568
69 34832
69 34758
69 34884
69 34859
69 34880
70 35047
70 35304
70 35340
70 35479
70 35067
70 35453
70 35448
70 35291
70 35092
70 35483
70 35137
70 35201
70 35373
70 35161
70 35193
70 35383
70 35374
70 35433
70 35356
70 35412
70 35269
70 35274
70 35419
70 35181
70 35012
70 35150
70 35159
70 35477
70 35091
70 35271
70 35102
70 35351
71 35840
71 35979
71 35567
71 35547
71 35804
71 35919
71 35791
71 35883
71 35583
71 35669
71 35881
71 35722
71 35745
71 35868
71 35938
71 35716
71 35648
71 35927
71 35726
71 35915
71 35841
71 35852
71 35973
71 35612
71 35971
71 35914
71 35538
71 35618
71 35783
71 35974
71 35930
71 35999
72 36067
72 36047
72 36304
72 36340
72 36479
72 36094
72 36392
72 36175
72 36267
72 36127
72 36130
72 36135
72 36320
72 36431
72 36197
72 36478
72 36273
72 36133
72 36090
72 36472
72 36309
72 36181
72 36157
72 36128
72 36439
72 36464
72 36039
72 36395
72 36052
72 36180
72 36477
72 36150
73 36547
73 36804
73 36840
73 36979
73 36567
73 36762
73 36630
73 36714
73 36910
73 36853
73 36810
73 36901
73 36580
73 36751
73 36634
73 36593
73 36562
73 36763
73 36544
73 36844
73 36546
73 36514
73 36711
73 36919
73 36510
73 36825
73 36724
73 36649
73 36584
73 36784
73 36617
73 36545
74 37479
74 37067
74 37047
74 37304
74 37340
74 37336
74 37291
74 37115
74 37078
74 37269
74 37218
74 37000
74 37422
74 37382
74 37066
74 37292
74 37427
74 37153
74 37220
74 37337
74 37068
74 37129
74 37313
74 37441
74 37373
74 37231
74 37253
74 37044
74 37122
74 37310
74 37077
74 37279
75 37547
75 37804
75 37840
75 37979
75 37567
75 37648
75 37556
75 37980
75 37566
75 37603
75 37717
75 37868
75 37860
75 37721
75 37911
75 37958
75 37630
75 37625
75 37881
75 37978
75 37801
75 37746
75 37838
75 37555
75 37950
75 37869
75 37755
75 37609
75 37552
75 37649
75 37752
75 37767
76 38304
76 38340
76 38479
76 38067
76 38047
76 38265
76 38368
76 38296
76 38487
76 38079
76 38217
76 38095
76 38291
76 38470
76 38103
76 38356
76 38061
76 38159
76 38350
76 38445
76 38457
76 38314
76 38234
76 38117
76 38275
76 38460
76 38201
76 38076
76 38036
76 38344
76 38171
76 38001
77 38979
77 38567
77 38547
77 38804
77 38840
77 38802
77 38747
77 38683
77 38914
77 38694
77 38550
77 38556
77 38901
77 38948
77 38540
77 38999
77 38807
77 38824
77 38674
77 38953
77 38847
77 38670
77 38534
77 38684
77 38626
77 38613
77 38912
77 38617
77 38813
77 38592
77 38523
77 38784
78 39047
78 39304
78 39340
78 39479
78 39067
78 39164
78 39059
78 39388
78 39408
78 39489
78 39421
78 39194
78 39398
78 39269
78 39234
78 39371
78 39498
78 39144
78 39243
78 39380
78 39028
78 39169
78 39430
78 39159
78 39215
78 39241
78 39107
78 39472
78 39451
78 39030
78 39475
78 39197
79 39840
79 39979
79 39567
79 39547
79 39804
79 39940
79 39963
79 39564
79 39557
79 39644
79 39602
79 39992
79 39981
79 39891
79 39740
79 39902
79 39929
79 39983
79 39991
79 39738
79 39646
79 39537
79 39888
79 39711
79 39925
79 39917
79 39674
79 39852
79 39536
79 39764
79 39824
79 39650
80 40067
80 40047
80 40304
80 40340
80 40479
80 40312
80 40169
80 40032
80 40415
80 40417
80 40155
80 40334
80 40118
80 40055
80 40242
80 40389
80 40335
80 40266
80 40343
80 40380
80 40465
80 40071
80 40467
80 40499
80 40423
80 40177
80 40366
80 40083
80 40448
80 40252
80 40314
80 40220
81 40547
81 40804
81 40840
81 40979
81 40567
81 40720
81 40820
81 40953
81 40551
81 40839
81 40586
81 40593
81 40516
81 40509
81 40564
81 40664
81 40826
81 40607
81 40801
81 40779
81 40589
81 40973
81 40703
81 40982
81 40993
81 40902
81 40797
81 40521
81 40627
81 40862
81 40637
81 40977
82 41479
82 41067
82 41047
82 41304
82 41340
82 41430
82 41293
82 41486
82 41474
82 41429
82 41228
82 41210
82 41147
82 41261
82 41379
82 41427
82 41347
82 41288
82 41466
82 41156
82 41278
82 41312
82 41129
82 41223
82 41370
82 41290
82 41407
82 41333
82 41468
82 41030
82 41327
82 41270
83 41547
83 41804
83 41840
83 41979
83 41567
83 41580
83 41667
83 41857
83 41916
83 41655
83 41633
83 41928
83 41746
83 41551
83 41797
83 41554
83 41626
83 41810
83 41720
83 41957
83 41850
83 41708
83 41896
83 41509
83 41612
83 41552
83 41508
83 41756
83 41602
83 41624
83 41942
83 41709
84 42304
84 42340
84 42479
84 42067
84 42047
84 42291
84 42052
84 42110
84 42101
84 42241
84 42401
84 42221
84 42114
84 42131
84 42132
84 42215
84 42045
84 42369
84 42273
84 42352
84 42105
84 42016
84 42490
84 42349
84 42002
84 42179
84 42166
84 42438
84 42125
84 42120
84 42360
84 42026
85 42979
85 42567
85 42547
85 42804
85 42840
85 42676
85 42620
85 42940
85 42574
85 42928
85 42967
85 42852
85 42582
85 42798
85 42685
85 42720
85 42742
85 42646
85 42571
85 42854
85 42647
85 42916
85 42618
85 42657
85 42710
85 42952
85 42974
85 42994
85 42673
85 42583
85 42721
85 42989
86 43047
86 43304
86 43340
86 43479
86 43067
86 43234
86 43190
86 43248
86 43279
86 43032
86 43247
86 43054
86 43161
86 43255
86 43221
86 43445
86 43301
86 43338
86 43299
86 43103
86 43159
86 43336
86 43207
86 43105
86 43298
86 43125
86 43217
86 43225
86 43148
86 43319
86 43418
86 43399
87 43840
87 43979
87 43567
87 43547
87 43804
87 43842
87 43724
87 43802
87 43703
87 43832
87 43904
87 43725
87 43882
87 43515
87 43571
87 43892
87 43808
87 43713
87 43836
87 43945
87 43569
87 43664
87 43810
87 43630
87 43797
87 43871
87 43967
87 43647
87 43787
87 43824
87 43556
87 43726
88 44067
88 44047
88 44304
88 44340
88 44479
88 44152
88 44090
88 44147
88 44167
88 44163
88 44201
88 44354
88 44103
88 44355
88 44482
88 44208
88 44200
88 44251
88 44438
88 44204
88 44036
88 44129
88 44323
88 44429
88 44249
88 44102
88 44379
88 44017
88 44344
88 44019
88 44405
88 44041
89 44547
89 44804
89 44840
89 44979
89 44567
89 44827
89 44791
89 44530
89 44749
89 44819
89 44818
89 44719
89 44883
89 44876
89 44573
89 44686
89 44552
89 44507
89 44533
89 44564
89 44926
89 44546
89 44751
89 44629
89 44500
89 44631
89 44611
89 44652
89 44848
89 44599
89 44871
89 44691
90 45479
90 45067
90 45047
90 45304
90 45340
90 45248
90 45211
90 45101
90 45487
90 45206
90 45284
90 45148
90 45055
90 45343
90 45364
90 45069
90 45060
90 45175
90 45123
90 45308
90 45373
90 45303
90 45025
90 45049
90 45054
90 45090
90 45231
90 45245
90 45298
90 45319
90 45330
90 45089
91 45547
91 45804
91 45840
91 45979
91 45567
91 45661
91 45671
91 45533
91 45563
91 45640
91 45632
91 45551
91 45508
91 45504
91 45859
91 45619
91 45967
91 45873
91 45931
91 45896
91 45727
91 45557
91 45712
91 45525
91 45771
91 45675
91 45540
91 45534
91 45932
91 45997
91 45863
91 45505
92 46304
92 46340
92 46479
92 46067
92 46047
92 46137
92 46074
92 46141
92 46423
92 46373
92 46416
92 46494
92 46197
92 46222
92 46162
92 46387
92 46499
92 46068
92 46199
92 46107
92 46203
92 46059
92 46053
92 46011
92 46143
92 46455
92 46335
92 46192
92 46326
92 46087
92 46421
92 46235
93 46979
93 46567
93 46547
93 46804
93 46840
93 46790
93 46854
93 46802
93 46724
93 46832
93 46801
93 46874
93 46941
93 46544
93 46863
93 46703
93 46707
93 46589
93 46925
93 46765
93 46988
93 46864
93 46761
93 46633
93 46737
93 46993
93 46977
93 46894
93 46876
93 46799
93 46931
93 46994
94 47047
94 47304
94 47340
94 47479
94 47067
94 47054
94 47302
94 47099
94 47116
94 47497
94 47456
94 47445
94 47161
94 47193
94 47388
94 47219
94 47407
94 47209
94 47256
94 47229
94 47405
94 47241
94 47330
94 47074
94 47428
94 47447
94 47228
94 47009
94 47164
94 47163
94 47177
94 47455
95 47840
95 47979
95 47567
95 47547
95 47804
95 47715
95 47878
95 47761
95 47991
95 47896
95 47834
95 47602
95 47951
95 47843
95 47956
95 47955
95 47695
95 47811
95 47788
95 47674
95 47823
95 47580
95 47825
95 47796
95 47586
95 47537
95 47839
95 47909
95 47741
95 47568
95 47610
95 47875
96 48067
96 48047
96 48304
96 48340
96 48479
96 48082
96 48140
96 48428
96 48052
96 48057
96 48386
96 48233
96 48199
96 48463
96 48373
96 48191
96 48213
96 48300
96 48061
96 48248
96 48480
96 48239
96 48066
96 48109
96 48209
96 48449
96 48400
96 48371
96 48001
96 48433
96 48145
96 48042
97 48547
97 48804
97 48840
97 48979
97 48567
97 48999
97 48756
97 48761
97 48711
97 48837
97 48673
97 48744
97 48982
97 48864
97 48791
97 48954
97 48738
97 48724
97 48643
97 48557
97 48945
97 48816
97 48762
97 48630
97 48923
97 48812
97 48818
97 48566
97 48927
97 48739
97 48704
97 48512
98 49479
98 49067
98 49047
98 49304
98 49340
98 49210
98 49044
98 49155
98 49491
98 49256
98 49330
98 49402
98 49162
98 49072
98 49347
98 49305
98 49388
98 49120
98 49465
98 49488
98 49385
98 49349
98 49082
98 49463
98 49231
98 49269
98 49416
98 49308
98 49404
98 49487
98 49248
98 49461
99 49547
99 49804
99 49840
99 49979
99 49567
99 49913
99 49925
99 49504
99 49902
99 49894
99 49517
99 49788
99 49881
99 49939
99 49729
99 49766
99 49905
99 49708
99 49860
99 49755
99 49799
99 49998
99 49841
99 49554
99 49542
99 49922
99 49555
99 49990
99 49817
99 49785
99 49809
99 49642
