0 2905
0 61
0 316
0 1079
0 2812
0 117
0 959
0 746
0 1490
0 2379
0 2660
0 1945
0 2545
0 1238
0 1635
0 1111
0 2649
0 644
0 2202
0 2224
0 2616
0 728
0 239
0 2086
0 355
0 985
0 1650
0 997
0 2405
0 1649
0 501
0 2835
1 874
1 2808
1 2234
1 804
1 2341
1 555
1 2055
1 2632
1 1528
1 320
1 261
1 54
1 2043
1 2401
1 1871
1 2598
1 343
1 2034
1 2414
1 2604
1 304
1 2940
1 2585
1 2701
1 718
1 1134
1 2519
1 547
1 1178
1 2157
1 818
1 328
2 84
2 342
2 1022
2 1147
2 879
2 668
2 1961
2 690
2 2664
2 2041
2 2623
2 1205
2 1322
2 2091
2 770
2 1091
2 1247
2 1018
2 2748
2 1213
2 2744
2 430
2 44
2 237
2 719
2 2231
2 1825
2 2046
2 178
2 1640
2 781
2 1255
3 608
3 2206
3 2832
3 2856
3 2647
3 1841
3 531
3 550
3 165
3 1006
3 2106
3 2110
3 2844
3 1513
3 1556
3 175
3 1960
3 1152
3 277
3 948
3 1014
3 1161
3 156
3 2460
3 766
3 976
3 963
3 1854
3 1460
3 2134
3 1321
3 101
4 1559
4 509
4 121
4 1692
4 2049
4 123
4 322
4 793
4 2128
4 597
4 1030
4 2481
4 2071
4 2423
4 497
4 1107
4 369
4 983
4 2837
4 2357
4 1403
4 139
4 2488
4 85
4 2007
4 1624
4 967
4 1064
4 1819
4 2828
4 1412
4 105
5 362
5 1372
5 2254
5 849
5 601
5 2482
5 443
5 345
5 202
5 2805
5 431
5 2939
5 186
5 1893
5 2582
5 1671
5 1108
5 968
5 2162
5 1390
5 1303
5 1461
5 883
5 723
5 1117
5 1179
5 141
5 1037
5 530
5 2631
5 159
5 2595
6 1823
6 1586
6 2135
6 858
6 1565
6 1923
6 1442
6 1654
6 354
6 1673
6 1664
6 914
6 2697
6 2268
6 2169
6 1949
6 1001
6 2770
6 1634
6 1008
6 2264
6 699
6 1453
6 1391
6 1495
6 1250
6 2579
6 916
6 954
6 1086
6 1808
6 2298
7 2605
7 1851
7 333
7 1215
7 244
7 1305
7 2104
7 2122
7 2925
7 741
7 1965
7 891
7 94
7 1190
7 1362
7 361
7 216
7 980
7 2611
7 693
7 720
7 2399
7 2042
7 582
7 2560
7 2819
7 1317
7 637
7 641
7 799
7 1045
7 1225
8 833
8 1802
8 183
8 1502
8 2509
8 632
8 1697
8 1547
8 1700
8 2906
8 27
8 1775
8 1827
8 465
8 2786
8 106
8 1320
8 1734
8 1118
8 366
8 213
8 2615
8 939
8 2577
8 2322
8 198
8 1514
8 2321
8 1696
8 2354
8 1368
8 327
9 2415
9 2526
9 1228
9 1921
9 1979
9 898
9 2406
9 2203
9 2803
9 2891
9 1941
9 1214
9 1020
9 660
9 2943
9 2795
9 1566
9 208
9 444
9 2070
9 1915
9 904
9 814
9 1582
9 2382
9 867
9 151
9 1141
9 2853
9 832
9 2267
9 2654
10 2147
10 433
10 2751
10 2665
10 834
10 893
10 2662
10 1684
10 570
10 2124
10 988
10 1860
10 1466
10 862
10 543
10 558
10 408
10 86
10 2120
10 1105
10 1535
10 1088
10 623
10 1680
10 502
10 306
10 2809
10 1670
10 1158
10 1583
10 2496
10 934
11 224
11 1450
11 413
11 508
11 1905
11 1539
11 1342
11 269
11 62
11 2549
11 99
11 1162
11 1129
11 573
11 611
11 1738
11 1856
11 621
11 1426
11 962
11 2200
11 993
11 254
11 1481
11 1576
11 2417
11 60
11 2371
11 915
11 2825
11 1422
11 2450
12 2619
12 219
12 248
12 34
12 1797
12 1296
12 1
12 415
12 1928
12 1686
12 187
12 1483
12 1315
12 1332
12 580
12 2602
12 583
12 268
12 2196
12 2421
12 722
12 1702
12 1800
12 91
12 2902
12 2160
12 1947
12 127
12 2362
12 56
12 926
12 451
13 1544
13 171
13 495
13 657
13 2609
13 2343
13 43
13 1155
13 900
13 33
13 2571
13 1219
13 146
13 2814
13 905
13 871
13 2172
13 290
13 995
13 2269
13 2114
13 2434
13 2716
13 2383
13 2180
13 1122
13 470
13 2713
13 2077
13 1626
13 1926
13 594
14 2418
14 392
14 2839
14 1714
14 2850
14 1009
14 1776
14 1812
14 454
14 227
14 910
14 296
14 1569
14 462
14 952
14 207
14 1533
14 2886
14 593
14 2005
14 1474
14 2240
14 450
14 929
14 2466
14 2367
14 1747
14 2319
14 1901
14 662
14 1436
14 778
15 796
15 2479
15 1497
15 763
15 375
15 334
15 1174
15 2313
15 654
15 2152
15 602
15 1005
15 861
15 1058
15 2125
15 2884
15 823
15 1509
15 2693
15 1599
15 1163
15 721
15 336
15 859
15 2515
15 1341
15 2142
15 1994
15 1324
15 836
15 2370
15 1608
16 2734
16 1729
16 553
16 1615
16 1361
16 2499
16 167
16 1410
16 2219
16 1462
16 2153
16 2236
16 2014
16 2762
16 1716
16 266
16 2006
16 2897
16 1452
16 281
16 2008
16 437
16 2797
16 1870
16 812
16 1517
16 2728
16 2351
16 1891
16 1275
16 1375
16 2303
17 2590
17 1855
17 350
17 197
17 1930
17 717
17 2753
17 233
17 1861
17 2441
17 2282
17 1173
17 2563
17 2541
17 852
17 1811
17 788
17 2407
17 999
17 525
17 2316
17 2889
17 1991
17 1439
17 1313
17 1610
17 2918
17 24
17 1554
17 1657
17 1306
17 2060
18 446
18 2543
18 1935
18 1894
18 2225
18 379
18 599
18 1964
18 1661
18 518
18 1761
18 782
18 2439
18 2882
18 805
18 1799
18 1839
18 1719
18 2420
18 829
18 1919
18 856
18 55
18 1289
18 2724
18 1631
18 271
18 2335
18 615
18 1405
18 2758
18 393
19 1770
19 2478
19 2760
19 2865
19 1083
19 1997
19 1835
19 2036
19 253
19 687
19 1227
19 1779
19 1772
19 2776
19 2247
19 1266
19 1360
19 1737
19 2862
19 2265
19 2652
19 544
19 1343
19 1024
19 489
19 1944
19 2473
19 566
19 1647
19 909
19 113
19 2327
20 2449
20 1703
20 1484
20 323
20 2325
20 2935
20 1765
20 2013
20 1645
20 918
20 1248
20 1667
20 1427
20 1743
20 1170
20 1748
20 2468
20 808
20 1762
20 1160
20 1690
20 751
20 317
20 399
20 2846
20 162
20 1969
20 2710
20 620
20 387
20 2924
20 2895
21 321
21 1830
21 1336
21 734
21 65
21 340
21 1577
21 881
21 612
21 1176
21 2159
21 2743
21 648
21 2553
21 977
21 1188
21 1340
21 1705
21 2583
21 1768
21 2330
21 1507
21 1307
21 2375
21 474
21 1558
21 2640
21 1284
21 1628
21 2915
21 2492
21 262
22 2035
22 2874
22 840
22 410
22 1821
22 507
22 1438
22 1537
22 1493
22 2083
22 67
22 1790
22 90
22 2937
22 420
22 16
22 2155
22 820
22 2137
22 2878
22 2182
22 1973
22 2306
22 478
22 1850
22 2285
22 2855
22 1524
22 2340
22 979
22 283
22 1287
23 2929
23 875
23 1679
23 2749
23 1488
23 2919
23 2626
23 2677
23 2029
23 1389
23 809
23 2429
23 1171
23 174
23 2784
23 2301
23 961
23 2324
23 96
23 695
23 1290
23 514
23 1033
23 2630
23 1788
23 853
23 2627
23 109
23 2230
23 511
23 744
23 1832
24 78
24 2887
24 2395
24 1678
24 1220
24 424
24 1434
24 1612
24 2360
24 1377
24 2628
24 2218
24 2037
24 1500
24 1892
24 1840
24 1508
24 1040
24 1291
24 421
24 1459
24 2456
24 1116
24 371
24 1542
24 2227
24 2315
24 1718
24 1898
24 661
24 2262
24 1720
25 2333
25 134
25 2920
25 1948
25 1834
25 2500
25 837
25 1674
25 1578
25 155
25 1226
25 1445
25 1346
25 2245
25 2127
25 1773
25 104
25 2854
25 2568
25 2769
25 846
25 132
25 2212
25 1580
25 2533
25 727
25 607
25 2483
25 425
25 2228
25 2574
25 1793
26 1613
26 677
26 700
26 1385
26 545
26 2756
26 1384
26 2557
26 2300
26 1899
26 2394
26 2065
26 738
26 1042
26 1257
26 1562
26 767
26 1795
26 184
26 2552
26 2233
26 539
26 2556
26 1630
26 166
26 2387
26 1440
26 2722
26 2069
26 2843
26 2608
26 1722
27 1563
27 1570
27 196
27 1168
27 1757
27 581
27 1897
27 1314
27 2438
27 191
27 1089
27 2437
27 1627
27 706
27 130
27 2164
27 2838
27 88
27 761
27 485
27 982
27 2018
27 2834
27 2030
27 2928
27 2818
27 764
27 2052
27 1137
27 1933
27 442
27 1572
28 2735
28 1885
28 1538
28 2593
28 885
28 368
28 565
28 176
28 768
28 337
28 1806
28 672
28 1971
28 2032
28 1942
28 2934
28 2880
28 1034
28 2535
28 143
28 256
28 2216
28 843
28 2890
28 806
28 294
28 1286
28 813
28 20
28 2299
28 989
28 2650
29 2248
29 626
29 726
29 697
29 2761
29 467
29 737
29 57
29 1682
29 1485
29 2280
29 1767
29 2518
29 2813
29 1975
29 669
29 1828
29 870
29 2564
29 1521
29 1651
29 2508
29 1370
29 376
29 1261
29 2293
29 2393
29 589
29 1323
29 2398
29 1464
29 745
30 1212
30 1333
30 2638
30 2537
30 2372
30 389
30 2454
30 1052
30 769
30 396
30 1607
30 2745
30 2289
30 2249
30 931
30 1431
30 2246
30 1345
30 2288
30 1880
30 2384
30 2377
30 2871
30 1972
30 2607
30 1688
30 1294
30 332
30 2555
30 1596
30 1182
30 2294
31 2093
31 1689
31 1754
31 760
31 1097
31 203
31 2737
31 1581
31 2094
31 1444
31 534
31 1769
31 2059
31 1579
31 2643
31 2820
31 1652
31 2419
31 1297
31 1675
31 2888
31 1849
31 247
31 2183
31 2361
31 2504
31 1999
31 1053
31 1048
31 79
31 2068
31 1744
32 2424
32 1838
32 2655
32 494
32 2205
32 3
32 1310
32 299
32 1166
32 1985
32 686
32 1561
32 382
32 12
32 1252
32 1611
32 297
32 270
32 1104
32 2679
32 358
32 1065
32 2606
32 2613
32 1906
32 842
32 2505
32 877
32 920
32 2222
32 872
32 188
33 2089
33 711
33 2700
33 2204
33 469
33 1655
33 528
33 2277
33 419
33 133
33 1992
33 406
33 1593
33 1150
33 1262
33 876
33 1142
33 1419
33 2242
33 1708
33 2097
33 973
33 2845
33 1817
33 89
33 2622
33 636
33 1420
33 2493
33 125
33 398
33 2389
34 791
34 2369
34 119
34 1378
34 2815
34 2658
34 2311
34 2426
34 98
34 702
34 1780
34 1573
34 850
34 1151
34 1347
34 2779
34 873
34 2477
34 951
34 194
34 2431
34 1237
34 735
34 2207
34 1344
34 801
34 831
34 1732
34 2870
34 2486
34 560
34 1881
35 2639
35 2513
35 1938
35 2469
35 2570
35 568
35 2833
35 666
35 1135
35 2767
35 1181
35 2827
35 519
35 2123
35 2663
35 1041
35 1711
35 2016
35 2912
35 2465
35 794
35 1963
35 880
35 1063
35 1781
35 2926
35 1223
35 246
35 2391
35 826
35 2101
35 1413
36 1784
36 1263
36 2054
36 1231
36 2020
36 925
36 1015
36 1699
36 309
36 887
36 1820
36 1872
36 527
36 614
36 305
36 92
36 1199
36 2747
36 2798
36 1233
36 2927
36 2347
36 1265
36 1335
36 969
36 2868
36 486
36 1842
36 2757
36 674
36 1691
36 1801
