0 0
0 8
0 2
0 1
0 4
0 5
0 7
0 3
0 6
0 9
1 15
1 11
1 17
1 13
1 14
1 16
1 10
1 19
1 12
1 18
2 26
2 27
2 21
2 25
2 24
2 23
2 29
2 22
2 20
2 28
3 37
3 39
3 32
3 33
3 35
3 38
3 30
3 31
3 34
3 36
4 40
4 44
4 41
4 47
4 48
4 45
4 42
4 49
4 43
4 46
5 51
5 53
5 55
5 59
5 50
5 54
5 52
5 58
5 56
5 57
6 64
6 63
6 65
6 69
6 61
6 67
6 66
6 62
6 60
6 68
7 76
7 70
7 79
7 71
7 72
7 77
7 78
7 75
7 74
7 73
8 83
8 84
8 89
8 82
8 86
8 85
8 80
8 81
8 88
8 87
9 91
9 95
9 98
9 90
9 96
9 97
9 92
9 99
9 94
9 93
10 100
10 103
10 108
10 104
10 107
10 102
10 106
10 105
10 109
10 101
11 119
11 118
11 112
11 117
11 116
11 110
11 114
11 111
11 113
11 115
12 126
12 122
12 127
12 129
12 123
12 121
12 128
12 120
12 125
12 124
13 135
13 130
13 139
13 131
13 133
13 137
13 132
13 136
13 138
13 134
14 144
14 145
14 141
14 148
14 149
14 140
14 146
14 143
14 147
14 142
15 156
15 157
15 159
15 151
15 158
15 150
15 155
15 154
15 153
15 152
16 170
16 178
16 177
16 174
16 176
16 175
16 171
16 179
16 172
16 173
17 187
17 186
17 188
17 181
17 185
17 180
17 189
17 184
17 183
17 182
18 199
18 196
18 191
18 190
18 197
18 192
18 194
18 195
18 193
18 198
19 204
19 202
19 206
19 200
19 208
19 201
19 203
19 209
19 207
19 205
20 165
20 164
20 163
20 167
20 168
20 160
20 161
20 166
20 162
20 169
21 210
21 217
21 211
21 216
21 212
21 219
21 218
21 213
21 214
21 215
22 227
22 226
22 224
22 225
22 223
22 222
22 228
22 220
22 229
22 221
23 238
23 235
23 233
23 236
23 230
23 231
23 239
23 232
23 237
23 234
24 244
24 245
24 248
24 249
24 241
24 243
24 242
24 247
24 240
24 246
25 253
25 257
25 251
25 258
25 255
25 254
25 252
25 259
25 250
25 256
26 260
26 266
26 267
26 262
26 263
26 264
26 261
26 269
26 265
26 268
27 271
27 279
27 272
27 276
27 270
27 278
27 274
27 277
27 273
27 275
28 285
28 286
28 281
28 289
28 283
28 284
28 282
28 280
28 287
28 288
29 293
29 297
29 299
29 296
29 292
29 290
29 298
29 294
29 295
29 291
30 302
30 303
30 301
30 304
30 307
30 306
30 300
30 308
30 305
30 309
31 314
31 312
31 316
31 319
31 317
31 313
31 311
31 318
31 310
31 315
32 320
32 327
32 324
32 326
32 322
32 325
32 328
32 321
32 323
32 329
33 335
33 333
33 330
33 339
33 338
33 336
33 332
33 334
33 337
33 331
34 349
34 345
34 346
34 348
34 341
34 342
34 344
34 340
34 343
34 347
35 358
35 357
35 359
35 355
35 353
35 356
35 351
35 352
35 354
35 350
36 364
36 362
36 360
36 361
36 368
36 365
36 363
36 369
36 366
36 367
37 375
37 373
37 377
37 378
37 370
37 371
37 379
37 372
37 374
37 376
38 388
38 389
38 385
38 381
38 387
38 380
38 382
38 384
38 386
38 383
39 398
39 394
39 390
39 396
39 399
39 395
39 397
39 392
39 391
39 393
40 401
40 400
40 408
40 402
40 404
40 403
40 407
40 405
40 406
40 409
41 412
41 419
41 413
41 411
41 410
41 417
41 414
41 418
41 415
41 416
42 426
42 424
42 425
42 421
42 428
42 427
42 422
42 423
42 429
42 420
43 433
43 430
43 436
43 439
43 431
43 438
43 437
43 432
43 434
43 435
44 444
44 443
44 448
44 441
44 445
44 447
44 446
44 440
44 449
44 442
45 458
45 451
45 459
45 450
45 455
45 454
45 457
45 456
45 453
45 452
46 465
46 468
46 466
46 461
46 462
46 467
46 464
46 463
46 469
46 460
47 472
47 476
47 478
47 470
47 479
47 475
47 474
47 473
47 477
47 471
48 482
48 484
48 485
48 486
48 489
48 481
48 487
48 483
48 480
48 488
49 497
49 494
49 499
49 498
49 490
49 491
49 495
49 492
49 496
49 493
50 506
50 508
50 500
50 501
50 505
50 509
50 503
50 504
50 502
50 507
51 513
51 514
51 516
51 512
51 511
51 519
51 518
51 517
51 515
51 510
52 523
52 527
52 520
52 521
52 529
52 525
52 524
52 522
52 528
52 526
53 539
53 535
53 534
53 530
53 538
53 536
53 532
53 537
53 533
53 531
54 542
54 549
54 548
54 540
54 541
54 544
54 546
54 545
54 543
54 547
55 559
55 553
55 558
55 554
55 555
55 551
55 557
55 556
55 552
55 550
56 568
56 564
56 569
56 562
56 560
56 561
56 563
56 566
56 567
56 565
57 578
57 571
57 574
57 573
57 572
57 577
57 576
57 575
57 570
57 579
58 583
58 584
58 581
58 587
58 588
58 586
58 589
58 582
58 580
58 585
59 598
59 596
59 595
59 593
59 592
59 597
59 591
59 594
59 590
59 599
60 602
60 603
60 605
60 609
60 606
60 607
60 608
60 600
60 601
60 604
61 619
61 614
61 618
61 610
61 611
61 613
61 615
61 617
61 612
61 616
62 625
62 621
62 629
62 620
62 622
62 623
62 627
62 626
62 624
62 628
63 633
63 631
63 632
63 634
63 636
63 638
63 637
63 635
63 639
63 630
64 646
64 644
64 647
64 642
64 649
64 640
64 648
64 643
64 641
64 645
65 656
65 657
65 658
65 654
65 650
65 652
65 651
65 655
65 653
65 659
66 667
66 665
66 661
66 660
66 662
66 668
66 666
66 664
66 669
66 663
67 676
67 673
67 677
67 670
67 672
67 674
67 678
67 675
67 671
67 679
68 686
68 689
68 688
68 682
68 687
68 683
68 680
68 684
68 681
68 685
69 696
69 690
69 694
69 699
69 692
69 693
69 697
69 691
69 695
69 698
70 704
70 709
70 707
70 700
70 703
70 702
70 706
70 705
70 701
70 708
71 711
71 717
71 718
71 715
71 714
71 710
71 719
71 716
71 713
71 712
72 722
72 721
72 726
72 723
72 727
72 720
72 725
72 729
72 724
72 728
73 735
73 738
73 730
73 731
73 736
73 739
73 737
73 732
73 734
73 733
74 740
74 747
74 744
74 743
74 742
74 741
74 748
74 746
74 745
74 749
75 753
75 756
75 755
75 750
75 752
75 751
75 754
75 758
75 759
75 757
76 769
76 768
76 760
76 766
76 767
76 761
76 763
76 765
76 764
76 762
77 778
77 776
77 774
77 775
77 770
77 773
77 777
77 779
77 772
77 771
78 783
78 786
78 782
78 789
78 784
78 785
78 787
78 788
78 781
78 780
79 794
79 799
79 792
79 790
79 793
79 797
79 791
79 798
79 796
79 795
80 805
80 806
80 808
80 804
80 803
80 802
80 809
80 807
80 801
80 800
81 812
81 819
81 818
81 817
81 813
81 811
81 816
81 810
81 814
81 815
82 826
82 823
82 825
82 828
82 821
82 827
82 824
82 829
82 820
82 822
83 834
83 830
83 832
83 838
83 831
83 835
83 837
83 833
83 839
83 836
84 843
84 842
84 848
84 847
84 844
84 841
84 840
84 846
84 849
84 845
85 855
85 852
85 857
85 850
85 856
85 853
85 851
85 858
85 854
85 859
86 862
86 865
86 863
86 869
86 860
86 866
86 867
86 864
86 868
86 861
87 877
87 873
87 879
87 875
87 872
87 876
87 871
87 878
87 874
87 870
88 881
88 888
88 885
88 883
88 887
88 882
88 886
88 880
88 884
88 889
89 896
89 899
89 898
89 893
89 891
89 897
89 890
89 892
89 894
89 895
90 908
90 902
90 904
90 906
90 900
90 909
90 907
90 901
90 905
90 903
91 912
91 917
91 911
91 918
91 916
91 919
91 914
91 913
91 910
91 915
92 929
92 922
92 926
92 920
92 924
92 928
92 923
92 925
92 921
92 927
93 937
93 935
93 931
93 939
93 933
93 930
93 932
93 936
93 934
93 938
94 940
94 942
94 944
94 945
94 946
94 949
94 941
94 943
94 947
94 948
95 959
95 952
95 956
95 950
95 957
95 955
95 954
95 953
95 951
95 958
96 968
96 969
96 961
96 963
96 965
96 962
96 960
96 966
96 967
96 964
97 978
97 974
97 976
97 973
97 975
97 970
97 972
97 971
97 979
97 977
98 983
98 982
98 981
98 989
98 986
98 984
98 988
98 985
98 980
98 987
99 995
99 991
99 992
99 997
99 996
99 998
99 994
99 999
99 993
99 990
100 1007
100 1009
100 1003
100 1006
100 1005
100 1002
100 1004
100 1008
100 1000
100 1001
101 1014
101 1013
101 1016
101 1019
101 1010
101 1017
101 1015
101 1011
101 1018
101 1012
