0 15161
0 17671
0 3134
0 7109
0 17305
0 4267
0 18440
0 13216
0 6168
0 1130
0 14790
0 10559
0 14608
0 18149
0 9295
0 13954
0 12972
0 16898
0 17411
0 13795
0 16419
0 14152
0 16721
0 18269
0 1582
0 6745
0 8452
0 3019
0 1184
0 12411
0 17089
0 15620
1 8649
1 11199
1 16433
1 6709
1 4006
1 2279
1 7334
1 8968
1 17966
1 16394
1 5830
1 12356
1 5961
1 14475
1 1905
1 14512
1 17271
1 14646
1 8163
1 12752
1 1243
1 7237
1 17524
1 17386
1 12944
1 1552
1 6541
1 8828
1 1324
1 18325
1 6372
1 1615
2 14205
2 17850
2 18539
2 6023
2 4190
2 9521
2 9925
2 7433
2 10292
2 9093
2 16801
2 6834
2 12135
2 4845
2 5297
2 7847
2 3999
2 18216
2 12867
2 2188
2 13346
2 13107
2 17605
2 4270
2 8677
2 15821
2 714
2 9519
2 10995
2 7323
2 13095
2 7980
3 18329
3 4585
3 8284
3 9560
3 14085
3 14023
3 10980
3 4936
3 15483
3 8359
3 207
3 9953
3 2112
3 11422
3 1137
3 15861
3 2644
3 13602
3 18561
3 12986
3 3912
3 2113
3 14116
3 553
3 3477
3 14531
3 17313
3 267
3 9871
3 18285
3 16134
3 17109
4 6884
4 16384
4 17234
4 13402
4 5234
4 5775
4 7071
4 11445
4 9689
4 9911
4 16859
4 2306
4 1064
4 5336
4 3618
4 11622
4 2519
4 5779
4 12956
4 9820
4 18728
4 176
4 5256
4 397
4 9474
4 13318
4 12315
4 17711
4 18359
4 17426
4 12462
4 11054
5 16254
5 272
5 12101
5 1833
5 9635
5 2929
5 4743
5 816
5 7794
5 3726
5 3787
5 8795
5 4670
5 14876
5 143
5 18037
5 17278
5 10132
5 15423
5 9451
5 13450
5 11537
5 866
5 6064
5 11863
5 3852
5 206
5 4327
5 17205
5 10441
5 1621
5 10232
6 1747
6 7698
6 761
6 18150
6 38
6 11356
6 18390
6 11736
6 2425
6 12407
6 274
6 6555
6 3846
6 142
6 2997
6 14396
6 14918
6 11113
6 11480
6 12588
6 9002
6 2409
6 8546
6 2035
6 4279
6 2285
6 3605
6 12795
6 7391
6 5781
6 2865
6 12786
7 11101
7 13819
7 75
7 10464
7 7242
7 15463
7 18424
7 17957
7 11915
7 8377
7 242
7 7363
7 10240
7 3017
7 8788
7 14936
7 8883
7 13428
7 7778
7 18850
7 16392
7 1170
7 8625
7 5762
7 11308
7 7542
7 9038
7 17609
7 16791
7 16775
7 9476
7 17348
8 6750
8 14236
8 13255
8 18717
8 2550
8 17667
8 10164
8 4520
8 8
8 13494
8 17465
8 17540
8 11312
8 13168
8 15025
8 6124
8 3495
8 9268
8 5321
8 17939
8 10248
8 8413
8 11599
8 4583
8 4272
8 5684
8 12889
8 17155
8 11689
8 11994
8 15306
8 13403
9 8203
9 1631
9 14405
9 8348
9 5833
9 14969
9 853
9 9019
9 8991
9 13540
9 190
9 599
9 476
9 4617
9 5734
9 13722
9 13316
9 11715
9 15833
9 5102
9 944
9 11762
9 4807
9 3882
9 4765
9 14232
9 8917
9 1706
9 17502
9 11859
9 3213
9 7188
10 802
10 18348
10 5496
10 10075
10 5315
10 6436
10 16319
10 8958
10 13323
10 18480
10 16142
10 691
10 9249
10 9801
10 14888
10 4332
10 12112
10 11443
10 8688
10 14866
10 5986
10 3586
10 4543
10 11097
10 17989
10 12372
10 6519
10 10590
10 7251
10 10540
10 10567
10 2881
11 5502
11 7674
11 1569
11 9594
11 12684
11 12776
11 1536
11 526
11 1438
11 3198
11 995
11 1528
11 16269
11 11601
11 1949
11 10953
11 3334
11 7585
11 7979
11 13559
11 17119
11 13745
11 14455
11 12378
11 44
11 7136
11 9202
11 14104
11 6891
11 4271
11 13947
11 14675
12 8091
12 15700
12 13738
12 18038
12 14647
12 14973
12 4973
12 2797
12 13309
12 3393
12 11438
12 17567
12 2263
12 1271
12 9743
12 4232
12 1663
12 18613
12 466
12 11568
12 6782
12 13686
12 8737
12 9889
12 15158
12 3216
12 8755
12 4201
12 17789
12 379
12 7519
12 14788
13 16741
13 6116
13 15646
13 13304
13 277
13 13390
13 18529
13 5976
13 15953
13 1215
13 14198
13 14932
13 17144
13 11773
13 4071
13 11506
13 11895
13 4596
13 3541
13 10317
13 5078
13 12796
13 15989
13 8331
13 11273
13 11663
13 8664
13 678
13 7185
13 17324
13 9337
13 14815
14 2578
14 11772
14 18611
14 2721
14 5606
14 1973
14 11771
14 10857
14 4412
14 12619
14 13155
14 17460
14 5544
14 11861
14 16588
14 7412
14 1789
14 3749
14 5786
14 4758
14 17803
14 1798
14 6920
14 3255
14 9152
14 16344
14 8489
14 17506
14 15227
14 8176
14 15698
14 13997
15 9468
15 7903
15 106
15 14651
15 205
15 11611
15 6121
15 14183
15 18345
15 10973
15 7419
15 10556
15 17020
15 2520
15 111
15 10176
15 13164
15 12870
15 11545
15 17206
15 10252
15 819
15 6276
15 8172
15 3177
15 6357
15 8204
15 18003
15 1881
15 18394
15 5011
15 17373
16 12821
16 7107
16 13311
16 523
16 16360
16 7183
16 5254
16 5092
16 7224
16 13534
16 17359
16 5061
16 15415
16 4350
16 7477
16 2373
16 4127
16 5817
16 360
16 14794
16 12332
16 17965
16 3552
16 2552
16 12149
16 3471
16 9624
16 13303
16 11782
16 5991
16 1049
16 7509
17 18846
17 10447
17 3147
17 15568
17 12711
17 3273
17 12585
17 10093
17 10818
17 10908
17 4593
17 13654
17 2532
17 17797
17 12157
17 18361
17 12203
17 11208
17 10468
17 12482
17 14628
17 6346
17 17202
17 1608
17 8304
17 18094
17 16259
17 10130
17 4662
17 10560
17 15198
17 17870
18 12227
18 5803
18 10695
18 5333
18 14633
18 11390
18 18288
18 7534
18 4989
18 14733
18 7889
18 2342
18 2887
18 7253
18 6882
18 18774
18 1726
18 8904
18 15921
18 17971
18 8106
18 4702
18 7769
18 5633
18 10010
18 17821
18 1581
18 3487
18 10993
18 7785
18 7574
18 6331
19 4578
19 15665
19 13984
19 18279
19 5127
19 4087
19 16776
19 9875
19 120
19 1653
19 18473
19 4830
19 10226
19 6202
19 793
19 4015
19 10118
19 11996
19 579
19 18463
19 15451
19 3348
19 8403
19 2960
19 16680
19 9131
19 8353
19 8901
19 3165
19 1002
19 7709
19 1851
20 17545
20 1455
20 8734
20 5753
20 5632
20 1953
20 9763
20 13401
20 18142
20 17410
20 2772
20 4805
20 237
20 17692
20 978
20 5215
20 9681
20 17554
20 13911
20 87
20 12902
20 14099
20 1832
20 12134
20 12486
20 1017
20 8460
20 1395
20 16966
20 5298
20 12754
20 5851
21 10902
21 9826
21 15395
21 16205
21 3964
21 1422
21 675
21 9021
21 9376
21 7402
21 10578
21 14017
21 16947
21 14180
21 8048
21 11157
21 6431
21 7656
21 7208
21 9198
21 15393
21 6870
21 18610
21 12012
21 9757
21 8127
21 289
21 1660
21 12097
21 3974
21 16698
21 6985
22 14092
22 17659
22 14278
22 8764
22 15730
22 13283
22 16731
22 1554
22 11822
22 1235
22 17453
22 3699
22 17890
22 603
22 4074
22 14603
22 16850
22 15918
22 6919
22 8004
22 4842
22 13845
22 18215
22 8033
22 6650
22 8590
22 17102
22 13347
22 5347
22 10343
22 1397
22 1025
23 5625
23 18671
23 14272
23 3977
23 16459
23 14826
23 11634
23 7131
23 2536
23 17050
23 696
23 3409
23 1634
23 14229
23 2292
23 1958
23 15616
23 18663
23 592
23 1432
23 873
23 12069
23 5063
23 16597
23 815
23 17981
23 7714
23 2217
23 14704
23 3514
23 16777
23 4741
24 7213
24 14403
24 5519
24 4342
24 4810
24 8789
24 18400
24 9782
24 18407
24 14073
24 13810
24 18000
24 10817
24 15387
24 3577
24 15443
24 12623
24 14151
24 5103
24 11214
24 2354
24 15948
24 7050
24 6219
24 3875
24 6841
24 104
24 18226
24 7470
24 3806
24 4828
24 4077
25 17486
25 17728
25 326
25 8495
25 17448
25 11615
25 8112
25 8254
25 8118
25 9797
25 8851
25 1043
25 1076
25 10924
25 6056
25 18207
25 6200
25 7358
25 11550
25 5588
25 16238
25 834
25 4565
25 5682
25 1797
25 17406
25 9931
25 8108
25 17591
25 10535
25 4053
25 18858
26 5332
26 13673
26 18190
26 4606
26 8297
26 18899
26 2580
26 1871
26 10000
26 11317
26 188
26 15941
26 1512
26 9638
26 18457
26 9286
26 12471
26 8704
26 10537
26 9881
26 13781
26 11899
26 11425
26 4693
26 6395
26 17764
26 12171
26 969
26 2502
26 13776
26 9658
26 1680
27 8355
27 16990
27 9004
27 13423
27 2361
27 608
27 9808
27 10640
27 17810
27 7575
27 18384
27 16258
27 3439
27 12975
27 10306
27 15117
27 17899
27 5088
27 9149
27 16189
27 10652
27 12589
27 3581
27 10044
27 2287
27 16468
27 10927
27 9989
27 10701
27 16118
27 13089
27 4396
28 7748
28 17261
28 14352
28 15032
28 5964
28 2776
28 11853
28 15182
28 12139
28 712
28 5492
28 2686
28 9440
28 970
28 16066
28 13314
28 16332
28 9659
28 16572
28 18438
28 14027
28 15586
28 9851
28 12717
28 4608
28 7878
28 14722
28 1323
28 3881
28 8672
28 18784
28 5812
29 13256
29 4233
29 6560
29 14133
29 15714
29 13118
29 3961
29 14577
29 2741
29 782
29 7197
29 13538
29 4353
29 7401
29 1212
29 11979
29 8387
29 5337
29 500
29 16628
29 6036
29 8502
29 3098
29 1265
29 4183
29 18830
29 14653
29 15766
29 6138
29 7833
29 16017
29 4654
30 12156
30 10612
30 10713
30 67
30 14839
30 1285
30 11733
30 14471
30 7141
30 2100
30 16327
30 15872
30 17038
30 13317
30 8985
30 11466
30 12707
30 9821
30 5355
30 17236
30 8532
30 17125
30 16202
30 12465
30 2802
30 3769
30 18334
30 8689
30 17303
30 12276
30 16857
30 16470
31 17492
31 16653
31 6641
31 14211
31 4839
31 2489
31 10259
31 17402
31 140
31 2752
31 2650
31 10725
31 16748
31 6126
31 17511
31 18342
31 3934
31 10064
31 9852
31 12117
31 17299
31 15536
31 12937
31 18500
31 16493
31 16
31 17788
31 15625
31 11052
31 4963
31 18513
31 12606
32 204
32 10069
32 16262
32 7647
32 11814
32 12490
32 11821
32 13754
32 18762
32 17496
32 13081
32 8573
32 11667
32 6640
32 4649
32 16813
32 12400
32 13915
32 7405
32 7475
32 15506
32 1531
32 3384
32 6548
32 2495
32 13817
32 15339
32 3645
32 14692
32 9967
32 13771
32 3583
33 3175
33 1855
33 8526
33 11937
33 8190
33 18782
33 16139
33 5780
33 4763
33 7201
33 13775
33 5076
33 588
33 3184
33 7887
33 7717
33 16532
33 9290
33 4099
33 13557
33 11919
33 17370
33 12396
33 15430
33 1510
33 11195
33 8965
33 12829
33 15553
33 7424
33 16686
33 14472
34 6654
34 2220
34 974
34 14301
34 5678
34 15322
34 4101
34 17138
34 14771
34 8386
34 7204
34 6963
34 4704
34 7703
34 18238
34 10949
34 2452
34 17751
34 15767
34 11441
34 10987
34 4422
34 6836
34 15949
34 13289
34 16334
34 6470
34 13513
34 16456
34 13496
34 4667
34 7591
35 1062
35 8232
35 2174
35 13751
35 17570
35 3536
35 5926
35 11476
35 2422
35 693
35 7948
35 2341
35 2669
35 18744
35 3845
35 12895
35 3103
35 2375
35 18685
35 16256
35 833
35 5736
35 18721
35 12358
35 1299
35 6587
35 9188
35 587
35 14247
35 11218
35 5949
35 4215
36 14658
36 15487
36 9511
36 17656
36 17862
36 1381
36 5208
36 17782
36 1182
36 9246
36 11367
36 6196
36 14029
36 16280
36 11986
36 7503
36 283
36 547
36 12989
36 8842
36 4976
36 5923
36 1367
36 7284
36 7845
36 18824
36 9253
36 8261
36 9166
36 16805
36 2380
36 5608
37 6936
37 6155
37 10318
37 9647
37 2116
37 13134
37 8476
37 15230
37 3532
37 16377
37 5181
37 12159
37 5225
37 10878
37 2640
37 9377
37 15831
37 5402
37 3085
37 1249
37 2048
37 18155
37 11400
37 13308
37 10205
37 14314
37 6478
37 15513
37 5125
37 17301
37 10443
37 5100
38 18247
38 14028
38 3284
38 18488
38 2633
38 3033
38 13454
38 16978
38 3530
38 7489
38 11474
38 15121
38 1555
38 2873
38 591
38 8101
38 8461
38 15202
38 8596
38 18413
38 13419
38 4125
38 5883
38 4254
38 14177
38 8793
38 5761
38 10128
38 14720
38 18052
38 14169
38 3417
39 2432
39 13479
39 166
39 17180
39 7288
39 14688
39 717
39 468
39 9693
39 18704
39 6674
39 13219
39 4728
39 6232
39 3230
39 11080
39 310
39 13369
39 2715
39 988
39 5864
39 5687
39 10694
39 12302
39 13806
39 12749
39 1665
39 16525
39 7014
39 13634
39 2106
39 6494
40 16272
40 13628
40 18492
40 15691
40 1769
40 2991
40 5409
40 2693
40 10589
40 13590
40 17216
40 2057
40 10735
40 2403
40 11864
40 15551
40 13672
40 18437
40 2040
40 16705
40 1473
40 4821
40 13356
40 4386
40 1923
40 3832
40 6615
40 16873
40 5518
40 15815
40 16376
40 5648
41 9951
41 8933
41 18214
41 1932
41 7429
41 5814
41 16905
41 9140
41 17044
41 3990
41 17621
41 1468
41 17894
41 13108
41 305
41 11526
41 12398
41 2124
41 4102
41 16523
41 8918
41 787
41 10453
41 17095
41 6773
41 3075
41 17393
41 16627
41 4905
41 10249
41 3240
41 2237
42 15132
42 8574
42 15242
42 1892
42 7416
42 5389
42 13020
42 2607
42 368
42 13928
42 13607
42 16817
42 2086
42 11187
42 8826
42 15844
42 16435
42 8600
42 5945
42 17338
42 8711
42 17133
42 18020
42 13404
42 15116
42 5877
42 17620
42 971
42 6792
42 7357
42 18699
42 18662
43 14119
43 3280
43 1183
43 12807
43 12390
43 7866
43 14679
43 2674
43 9081
43 15795
43 6259
43 9894
43 8983
43 18559
43 5218
43 5593
43 12113
43 18319
43 8748
43 13284
43 6626
43 6367
43 15091
43 7117
43 3692
43 10266
43 14150
43 8153
43 2329
43 3192
43 13944
43 7344
44 6123
44 1124
44 347
44 7498
44 17081
44 17471
44 3847
44 12190
44 7854
44 18505
44 76
44 15611
44 2604
44 14367
44 11651
44 12501
44 3622
44 13180
44 17842
44 17709
44 3423
44 1258
44 6629
44 10933
44 1204
44 3247
44 9471
44 3413
44 2858
44 6152
44 13702
44 2347
