0 461
0 2144
0 7289
0 4055
0 1951
0 7024
0 6051
0 521
0 3392
0 4873
0 1276
0 706
0 8010
0 4668
0 1917
0 6173
0 4577
0 2362
0 772
0 7486
0 8030
0 5223
0 7278
0 7965
1 4243
1 2313
1 3536
1 3766
1 669
1 6838
1 1534
1 5260
1 5258
1 3874
1 4010
1 3316
1 4891
1 6570
1 6060
1 7896
1 4485
1 7959
1 690
1 2668
1 857
1 3266
1 5294
1 6623
2 5747
2 8132
2 7174
2 3771
2 3880
2 2490
2 3151
2 2363
2 6783
2 1749
2 1
2 739
2 2588
2 7391
2 2831
2 5332
2 6405
2 5051
2 1715
2 6973
2 6327
2 4815
2 1869
2 5433
3 6421
3 3237
3 2273
3 1263
3 3050
3 7190
3 7915
3 6613
3 3511
3 5124
3 4510
3 3242
3 3606
3 3794
3 696
3 4481
3 391
3 5306
3 5056
3 3466
3 2912
3 5323
3 7213
3 7705
4 4483
4 6295
4 6849
4 2669
4 4391
4 4469
4 7449
4 2003
4 6291
4 699
4 1133
4 3190
4 2896
4 3080
4 8126
4 6312
4 4337
4 630
4 3416
4 3510
4 409
4 3126
4 6182
4 3640
5 3714
5 7173
5 197
5 3760
5 3669
5 7799
5 2910
5 4690
5 5041
5 3967
5 254
5 1254
5 3607
5 5915
5 4832
5 2918
5 7859
5 897
5 6243
5 6537
5 7695
5 6195
5 373
5 1616
6 7832
6 1536
6 1321
6 424
6 4084
6 2358
6 5385
6 235
6 319
6 1104
6 4607
6 6643
6 7168
6 3307
6 2437
6 5076
6 1467
6 6308
6 5348
6 1900
6 7060
6 6268
6 4824
6 2670
7 1330
7 4071
7 2304
7 4883
7 8095
7 4395
7 1282
7 3310
7 879
7 5533
7 4492
7 64
7 207
7 4196
7 7277
7 6781
7 1851
7 5820
7 3574
7 5566
7 6529
7 3378
7 4215
7 6831
8 6895
8 6538
8 4508
8 1679
8 5693
8 633
8 4724
8 6380
8 5381
8 5908
8 3661
8 6374
8 3731
8 634
8 4493
8 2770
8 4723
8 3008
8 3453
8 2193
8 4509
8 7703
8 1767
8 339
9 4385
9 4551
9 2325
9 3389
9 2593
9 369
9 1147
9 2483
9 404
9 6238
9 1785
9 5578
9 5717
9 3100
9 5142
9 3853
9 8084
9 6770
9 8043
9 220
9 5022
9 7598
9 4189
9 1677
10 1766
10 1424
10 3765
10 1123
10 7047
10 7004
10 1577
10 7117
10 5528
10 205
10 3904
10 4426
10 2920
10 7339
10 4856
10 3457
10 6432
10 4291
10 6528
10 4165
10 3843
10 3560
10 3881
10 7609
11 8085
11 754
11 7205
11 7306
11 4817
11 200
11 5262
11 6087
11 6514
11 7240
11 4496
11 6707
11 6162
11 1639
11 7007
11 2872
11 4378
11 1761
11 689
11 2772
11 6019
11 7438
11 2619
11 3166
12 5586
12 1371
12 547
12 6449
12 6569
12 8026
12 1714
12 5314
12 5352
12 40
12 2898
12 2430
12 2673
12 6990
12 548
12 1345
12 1802
12 3755
12 3653
12 2463
12 2640
12 4917
12 7975
12 8027
13 2597
13 6844
13 3749
13 6599
13 4594
13 6226
13 887
13 410
13 7764
13 7585
13 0
13 7422
13 2006
13 1402
13 4670
13 466
13 2473
13 3546
13 3288
13 5115
13 6585
13 5856
13 3803
13 3589
14 7407
14 1156
14 4240
14 5279
14 2631
14 3968
14 288
14 2324
14 2624
14 685
14 52
14 1485
14 1804
14 1495
14 4955
14 5085
14 7089
14 3282
14 3138
14 1456
14 6868
14 4154
14 3908
14 310
15 7534
15 7129
15 652
15 3980
15 2014
15 2031
15 7495
15 5801
15 4922
15 4311
15 4847
15 7052
15 7929
15 1250
15 3428
15 1619
15 2303
15 1493
15 3320
15 3014
15 4190
15 1969
15 6645
15 1179
16 1071
16 65
16 5325
16 5180
16 265
16 3532
16 5593
16 2175
16 5176
16 6567
16 4548
16 7692
16 4757
16 3984
16 8042
16 1501
16 401
16 2769
16 7075
16 8143
16 5716
16 4948
16 864
16 2349
17 216
17 2399
17 4743
17 2795
17 2170
17 4175
17 470
17 7492
17 7001
17 7383
17 7194
17 6870
17 5575
17 5868
17 7027
17 3497
17 3438
17 7212
17 7382
17 7648
17 153
17 5712
17 82
17 1699
18 3702
18 722
18 170
18 5571
18 7821
18 5391
18 6552
18 4060
18 6431
18 6334
18 5358
18 3382
18 4882
18 1953
18 2129
18 3056
18 4701
18 1244
18 7311
18 6093
18 3757
18 407
18 6010
18 7312
19 3411
19 88
19 1122
19 2973
19 5121
19 3886
19 4194
19 3024
19 771
19 6829
19 3542
19 5964
19 3156
19 6150
19 3951
19 2440
19 3343
19 6953
19 599
19 5211
19 6740
19 680
19 955
19 4236
20 2394
20 1166
20 7853
20 5516
20 1809
20 3502
20 5149
20 6229
20 4039
20 2790
20 2252
20 6535
20 3643
20 2334
20 1369
20 6968
20 2263
20 508
20 5113
20 1201
20 7884
20 3618
20 6677
20 2695
21 4818
21 2024
21 3720
21 1514
21 6508
21 5128
21 3225
21 6545
21 3828
21 5517
21 333
21 6192
21 4649
21 4675
21 1523
21 6580
21 766
21 1882
21 784
21 6825
21 3448
21 1090
21 3935
21 1093
22 1021
22 3823
22 5084
22 1159
22 1307
22 3205
22 824
22 987
22 5643
22 396
22 5412
22 2799
22 6474
22 4939
22 2113
22 3102
22 2565
22 5823
22 641
22 2272
22 6343
22 4058
22 2629
22 2043
23 7877
23 3885
23 7552
23 749
23 5907
23 8025
23 769
23 802
23 8052
23 445
23 4840
23 4579
23 2679
23 2055
23 2164
23 7589
23 6851
23 3891
23 834
23 1194
23 631
23 312
23 5428
23 3118
24 4442
24 2369
24 5182
24 3018
24 45
24 5039
24 6915
24 2763
24 4884
24 4268
24 3120
24 5424
24 2322
24 3829
24 6248
24 5145
24 5472
24 3421
24 4821
24 5646
24 3838
24 4672
24 1091
24 4474
25 7879
25 4088
25 1867
25 1889
25 5513
25 3739
25 2834
25 398
25 5089
25 3359
25 3820
25 5709
25 2143
25 6733
25 6106
25 6264
25 1840
25 237
25 7500
25 437
25 1022
25 4022
25 1838
25 6948
26 3524
26 6077
26 1035
26 5633
26 2240
26 6702
26 2151
26 7688
26 5615
26 6088
26 5877
26 7143
26 5585
26 7804
26 965
26 797
26 6556
26 4151
26 6751
26 3161
26 1662
26 1422
26 3456
26 4643
27 3664
27 2771
27 4029
27 2415
27 7154
27 597
27 2026
27 8020
27 121
27 2757
27 2232
27 5946
27 6573
27 1552
27 2503
27 3633
27 5540
27 4864
27 7261
27 7030
27 6201
27 1238
27 6386
27 3873
28 1126
28 3567
28 3401
28 3495
28 124
28 565
28 5343
28 6890
28 5394
28 69
28 6485
28 663
28 1114
28 7668
28 2153
28 7145
28 4499
28 6457
28 1623
28 5888
28 7750
28 4809
28 357
28 3253
29 5104
29 2991
29 3009
29 1191
29 5591
29 2873
29 2086
29 8003
29 6884
29 5632
29 5567
29 7720
29 6695
29 7556
29 4768
29 1088
29 4997
29 3213
29 7268
29 4705
29 6029
29 4265
29 4409
29 2115
30 3956
30 3715
30 6316
30 4583
30 4777
30 2028
30 990
30 7039
30 1850
30 1163
30 2812
30 256
30 6298
30 302
30 6822
30 4322
30 4965
30 700
30 7993
30 2716
30 3369
30 1352
30 6442
30 5891
31 3179
31 5462
31 6906
31 7310
31 7307
31 649
31 1655
31 6662
31 6619
31 8117
31 6675
31 2045
31 1612
31 6203
31 2017
31 7388
31 3533
31 1965
31 2080
31 3934
31 2220
31 4059
31 6026
31 7133
32 5534
32 5684
32 1680
32 4802
32 7362
32 7118
32 1990
32 7650
32 4066
32 1671
32 2974
32 6597
32 5272
32 6713
32 3569
32 3735
32 1579
32 7291
32 7416
32 2849
32 578
32 3236
32 5876
32 5313
33 2690
33 5470
33 5476
33 1442
33 7921
33 3293
33 6233
33 6757
33 1992
33 5477
33 7033
33 4629
33 1121
33 4776
33 3450
33 5583
33 4914
33 4759
33 1488
33 7656
33 6425
33 7186
33 7080
33 1064
34 2231
34 7895
34 791
34 4726
34 4741
34 3544
34 1674
34 7050
34 3834
34 5274
34 6121
34 1581
34 7730
34 3398
34 2062
34 7055
34 1853
34 5833
34 4350
34 5705
34 7285
34 4384
34 5546
34 2467
35 2515
35 7671
35 3733
35 3173
35 8032
35 4338
35 7758
35 1918
35 3537
35 2773
35 4051
35 7192
35 7353
35 2680
35 8006
35 1468
35 6202
35 3090
35 5718
35 8047
35 6711
35 3013
35 1164
35 3683
36 5401
36 7510
36 5771
36 6213
36 1578
36 5005
36 1063
36 163
36 8067
36 3557
36 6277
36 4374
36 7479
36 1567
36 4972
36 1226
36 6996
36 6074
36 638
36 2009
36 2900
36 4713
36 5896
36 3338
37 5336
37 5257
37 5071
37 4974
37 4781
37 2126
37 2787
37 1908
37 2935
37 674
37 4486
37 3941
37 4728
37 5867
37 7900
37 5162
37 7811
37 4971
37 1592
37 6410
37 6050
37 43
37 1756
37 715
38 6404
38 4460
38 1075
38 6952
38 5639
38 3859
38 7276
38 4778
38 1771
38 3675
38 5345
38 1137
38 6791
38 1915
38 6394
38 356
38 4398
38 4746
38 1791
38 6034
38 2380
38 4575
38 3848
38 5157
39 1521
39 140
39 397
39 5874
39 5340
39 262
39 6767
39 4886
39 6582
39 5028
39 5694
39 8123
39 8014
39 7153
39 6127
39 986
39 3272
39 7108
39 1351
39 3759
39 1609
39 3069
39 2533
39 4745
40 5547
40 6216
40 6635
40 3403
40 4770
40 3454
40 6180
40 7284
40 588
40 5762
40 5802
40 7432
40 731
40 6325
40 6951
40 3927
40 1038
40 6109
40 855
40 3284
40 745
40 5721
40 6232
40 2788
41 7384
41 7753
41 7167
41 6799
41 5065
41 54
41 1050
41 1400
41 550
41 6914
41 1752
41 455
41 4612
41 6071
41 7691
41 3334
41 49
41 925
41 7963
41 4327
41 116
41 3559
41 5094
41 8072
42 2552
42 5892
42 2351
42 1000
42 4448
42 1001
42 7597
42 1934
42 6221
42 7457
42 4530
42 2891
42 5869
42 1177
42 7678
42 1484
42 4923
42 1928
42 5698
42 1398
42 4242
42 1129
42 3244
42 3479
43 56
43 4988
43 5144
43 7494
43 4811
43 2174
43 1856
43 6368
43 6504
43 3463
43 5541
43 4950
43 7395
43 7947
43 5980
43 7788
43 6993
43 1676
43 5945
43 896
43 2258
43 6519
43 6780
43 2844
44 1125
44 2540
44 5815
44 8094
44 7107
44 2548
44 1098
44 5008
44 870
44 1227
44 1076
44 6456
44 7490
44 5799
44 2154
44 3761
44 4333
44 3420
44 5682
44 5311
44 4249
44 7081
44 189
44 7450
45 1702
45 1183
45 6357
45 1292
45 5048
45 6712
45 3277
45 266
45 2823
45 2734
45 2888
45 8129
45 1483
45 2426
45 4400
45 2308
45 551
45 7634
45 7231
45 1707
45 709
45 7618
45 3478
45 7765
46 1670
46 1432
46 278
46 4657
46 7529
46 5373
46 6786
46 6253
46 3371
46 3506
46 2051
46 758
46 4869
46 546
46 885
46 2987
46 6793
46 1932
46 6574
46 7232
46 7337
46 6718
46 7920
46 7235
47 2970
47 3781
47 3773
47 6211
47 7508
47 2108
47 7057
47 7237
47 3163
47 3922
47 5991
47 1944
47 2148
47 1192
47 5947
47 4552
47 3137
47 4680
47 4090
47 4555
47 1206
47 1102
47 6727
47 6190
48 7950
48 4315
48 4072
48 7527
48 3577
48 5911
48 2905
48 6644
48 1233
48 3167
48 453
48 1897
48 2793
48 3931
48 3871
48 84
48 5467
48 7907
48 757
48 5813
48 2449
48 3352
48 438
48 2419
49 7599
49 1200
49 5604
49 3552
49 176
49 6862
49 6048
49 7584
49 8041
49 361
49 7546
49 3659
49 7847
49 6701
49 5839
49 5996
49 1690
49 6196
49 5395
49 416
49 7624
49 4019
49 7340
49 980
50 5943
50 3103
50 7664
50 7028
50 2585
50 6629
50 7195
50 922
50 1508
50 5482
50 5700
50 697
50 257
50 7439
50 7909
50 7016
50 2114
50 7083
50 3375
50 6135
50 2421
50 5080
50 7537
50 2968
51 1986
51 3865
51 6971
51 8121
51 1184
51 4355
51 4899
51 5740
51 6344
51 1443
51 1810
51 621
51 2001
51 6549
51 5032
51 1135
51 5053
51 3446
51 969
51 4347
51 865
51 4756
51 5697
51 7125
52 2705
52 7973
52 5379
52 5834
52 6204
52 3756
52 364
52 3646
52 6586
52 6377
52 1446
52 907
52 1288
52 5737
52 515
52 4153
52 5701
52 1381
52 1329
52 7532
52 3878
52 2208
52 1197
52 3738
53 625
53 6513
53 8093
53 4477
53 6610
53 3194
53 535
53 6304
53 5331
53 1267
53 1646
53 6395
53 3093
53 173
53 6738
53 6059
53 2791
53 4087
53 1814
53 1124
53 1626
53 5729
53 2944
53 7698
54 414
54 1107
54 4978
54 7748
54 3748
54 5556
54 921
54 871
54 6922
54 750
54 5435
54 8124
54 5739
54 1709
54 5207
54 264
54 1085
54 7430
54 1115
54 3907
54 6588
54 3210
54 7574
54 5248
55 1955
55 7930
55 1145
55 3543
55 7875
55 3601
55 7544
55 6371
55 4452
55 385
55 7483
55 6756
55 3614
55 487
55 2909
55 4359
55 7953
55 4040
55 2311
55 7404
55 1952
55 6269
55 3184
55 137
56 6683
56 7067
56 4475
56 19
56 417
56 2543
56 6047
56 2133
56 927
56 5554
56 2256
56 4301
56 1315
56 7830
56 353
56 1974
56 6365
56 3605
56 815
56 2275
56 7424
56 2046
56 6885
56 2666
57 2401
57 3482
57 568
57 2794
57 382
57 5139
57 5935
57 306
57 2820
57 4181
57 4136
57 6306
57 358
57 4263
57 134
57 3825
57 7166
57 3844
57 3623
57 2214
57 4309
57 619
57 1299
57 2642
58 5725
58 7418
58 7051
58 7669
58 7849
58 5810
58 7275
58 4559
58 367
58 2221
58 5190
58 3005
58 2457
58 6627
58 5339
58 2927
58 406
58 1811
58 4002
58 4760
58 2672
58 6882
58 561
58 6800
59 848
59 5645
59 3890
59 5261
59 6924
59 3031
59 5785
59 4112
59 3022
59 1621
59 3235
59 6166
59 1751
59 5217
59 5568
59 7324
59 6916
59 1701
59 2199
59 713
59 3932
59 7164
59 996
59 3059
60 2908
60 491
60 6806
60 1061
60 5012
60 675
60 2743
60 5273
60 2989
60 744
60 226
60 5178
60 1032
60 2803
60 660
60 5436
60 5832
60 102
60 4588
60 2435
60 4439
60 281
60 3736
60 6779
61 2353
61 3400
61 7149
61 3441
61 908
61 4371
61 1458
61 7860
61 7348
61 2762
61 3155
61 327
61 2882
61 3134
61 8069
61 5742
61 4007
61 7942
61 4820
61 977
61 7260
61 3969
61 2575
61 2318
62 5327
62 4505
62 7076
62 5944
62 4737
62 2618
62 2021
62 1826
62 828
62 8074
62 386
62 5758
62 3350
62 2781
62 1189
62 724
62 819
62 3810
62 4320
62 2904
62 7513
62 600
62 345
62 4369
63 1678
63 7138
63 4110
63 4188
63 2438
63 2861
63 2657
63 5738
63 5613
63 3987
63 2315
63 4057
63 6578
63 1221
63 6086
63 3650
63 2241
63 3776
63 7497
63 1146
63 7236
63 7151
63 2316
63 2608
64 1651
64 5808
64 5638
64 1175
64 57
64 6512
64 236
64 6172
64 4656
64 7583
64 472
64 6242
64 4179
64 3975
64 1470
64 5266
64 5431
64 6576
64 2106
64 5308
64 5367
64 7256
64 5542
64 1532
65 4605
65 2202
65 3637
65 7253
65 7160
65 2234
65 5524
65 5111
65 4245
65 2946
65 1106
65 7378
65 6725
65 2367
65 4564
65 6897
65 5690
65 32
65 7744
65 3162
65 4595
65 8076
65 7436
65 3250
66 4625
66 3997
66 3410
66 923
66 3351
66 6511
66 7712
66 2307
66 8118
66 2501
66 3655
66 1325
66 2602
66 6468
66 1317
66 6833
66 4878
66 6801
66 3354
66 4349
66 3483
66 1730
66 1880
66 3084
67 2120
67 5594
67 3762
67 7137
67 6458
67 6049
67 3723
67 3960
67 2485
67 7675
67 6320
67 4706
67 5990
67 5316
67 5941
67 966
67 778
67 5438
67 3799
67 7783
67 3895
67 180
67 5831
67 2853
68 4306
68 6536
68 6455
68 3958
68 5268
68 7018
68 3679
68 747
68 3538
68 272
68 4438
68 7867
68 6639
68 1883
68 5221
68 3061
68 644
68 6063
68 1904
68 7320
68 4798
68 7663
68 5220
68 5230
69 7979
69 7405
69 5809
69 1873
69 1966
69 4609
69 6945
69 359
69 3684
69 5478
69 4103
69 4162
69 5448
69 5450
69 2596
69 7679
69 4677
69 2294
69 5173
69 2141
69 1324
69 1937
69 1920
69 1689
70 6356
70 6855
70 143
70 1543
70 2267
70 5333
70 1948
70 3698
70 1744
70 1711
70 2671
70 3963
70 853
70 5031
70 6107
70 6970
70 6646
70 576
70 99
70 2563
70 6691
70 3376
70 6875
70 3157
71 4684
71 1598
71 3945
71 2938
71 3230
71 4890
71 2864
71 3129
71 5948
71 4999
71 6809
71 1604
71 2883
71 6771
71 7540
71 6611
71 211
71 6879
71 3464
71 6746
71 1962
71 7035
71 6138
71 5787
72 904
72 4220
72 2875
72 311
72 4717
72 3215
72 6177
72 4031
72 7755
72 418
72 3651
72 7165
72 1041
72 6524
72 1541
72 7801
72 7823
72 7808
72 1168
72 924
72 1390
72 2206
72 6534
72 5234
73 103
73 4897
73 1429
73 7851
73 3751
73 7903
73 4186
73 7360
73 7910
73 6267
73 7862
73 3019
73 2124
73 6179
73 7327
73 3116
73 3525
73 1693
73 6355
73 1308
73 2839
73 2858
73 4720
73 2911
74 2933
74 2774
74 7386
74 2639
74 5415
74 3613
74 4710
74 2870
74 4407
74 3694
74 2264
74 6090
74 5570
74 1545
74 875
74 6175
74 4637
74 1807
74 5212
74 2078
74 2902
74 956
74 7870
74 2807
75 2368
75 6741
75 6331
75 4380
75 1650
75 7553
75 3791
75 146
75 7319
75 3668
75 6440
75 2880
75 6145
75 3370
75 2105
75 4174
75 2696
75 3197
75 4687
75 6589
75 6446
75 1801
75 6649
75 4257
76 194
76 4376
76 2784
76 862
76 4404
76 3943
76 6009
76 5995
76 2613
76 6146
76 1970
76 2932
76 484
76 4048
76 7952
76 3372
76 603
76 2076
76 3849
76 2305
76 5766
76 7841
76 4115
76 4226
77 7103
77 1815
77 6024
77 2636
77 1964
77 7325
77 1151
77 1062
77 2854
77 1795
77 2537
77 2535
77 3449
77 6230
77 7122
77 836
77 3447
77 1558
77 4269
77 5487
77 6345
77 5073
77 1924
77 1945
78 1537
78 6881
78 5213
78 6665
78 7415
78 8046
78 4428
78 4785
78 4026
78 5744
78 5627
78 611
78 4408
78 3783
78 1056
78 2247
78 126
78 6937
78 5079
78 20
78 1486
78 4049
78 443
78 7560
79 1688
79 6762
79 719
79 1742
79 1277
79 6217
79 7563
79 7045
79 1358
79 4796
79 3513
79 1576
79 1605
79 2536
79 667
79 2472
79 7309
79 5884
79 7802
79 5117
79 6998
79 6131
79 5865
79 4203
80 1306
80 6102
80 954
80 4619
80 3656
80 6083
80 7786
80 1822
80 4601
80 7734
80 3330
80 3248
80 7699
80 1672
80 7266
80 7119
80 4237
80 5334
80 2623
80 5666
80 2558
80 5761
80 1218
80 6136
81 3624
81 5664
81 7521
81 2661
81 7972
81 7282
81 767
81 3233
81 2647
81 5592
81 7978
81 3678
81 4571
81 1046
81 3314
81 6761
81 2638
81 4467
81 1637
81 4102
81 4488
81 3458
81 6510
81 6789
82 4117
82 2928
82 3431
82 3204
82 3011
82 1615
82 2339
82 5411
82 370
82 7396
82 6171
82 6595
82 2478
82 6476
82 7215
82 5183
82 6352
82 5960
82 3898
82 1644
82 305
82 6730
82 4441
82 4078
83 623
83 5535
83 2610
83 662
83 7644
83 2750
83 6467
83 3267
83 6505
83 5530
83 458
83 3414
83 6096
83 6880
83 3649
83 4068
83 1942
83 5553
83 7380
83 2667
83 5597
83 4044
83 3279
83 1968
84 4902
84 6118
84 5685
84 5101
84 1825
84 6965
84 3251
84 422
84 1902
84 3645
84 2222
84 7564
84 4461
84 13
84 3383
84 5720
84 2955
84 7169
84 3680
84 2388
84 4846
84 7225
84 5887
84 7377
85 845
85 413
85 2452
85 541
85 349
85 692
85 672
85 3442
85 2517
85 5003
85 1101
85 6747
85 2293
85 2073
85 1682
85 2892
85 7630
85 27
85 6887
85 1946
85 2397
85 5129
85 7441
85 7063
86 1480
86 2134
86 8091
86 8019
86 6846
86 1731
86 296
86 5830
86 5683
86 866
86 3615
86 1377
86 2609
86 3304
86 3550
86 5999
86 6977
86 6208
86 1162
86 3504
86 2546
86 313
86 3328
86 4430
87 2482
87 1439
87 107
87 1112
87 501
87 5040
87 6319
87 4466
87 2382
87 7780
87 6553
87 7341
87 780
87 1540
87 6133
87 1170
87 3055
87 3362
87 4727
87 5936
87 4061
87 1787
87 5341
87 4073
88 584
88 6061
88 348
88 5561
88 2099
88 2439
88 131
88 5565
88 1496
88 2852
88 6459
88 5824
88 5783
88 7296
88 2962
88 462
88 3519
88 2637
88 5790
88 3629
88 3186
88 2530
88 5926
88 3836
89 3983
89 6563
89 7043
89 681
89 482
89 5959
89 3077
89 7551
89 1836
89 7659
89 5988
89 2789
89 6710
89 6690
89 5045
89 8089
89 2011
89 4419
89 6018
89 58
89 3419
89 1211
89 1765
89 5002
90 2999
90 2454
90 883
90 1451
90 3729
90 4036
90 6912
90 1834
90 6358
90 3682
90 1043
90 3850
90 2
90 4340
90 4836
90 2224
90 878
90 5347
90 2876
90 2131
90 4339
90 627
90 286
90 4024
91 5383
91 3802
91 7572
91 4615
91 1963
91 3535
91 6017
91 2016
91 6598
91 7241
91 5208
91 6120
91 3386
91 6961
91 3072
91 469
91 3206
91 6734
91 566
91 2338
91 6743
91 6333
91 1927
91 7868
92 5402
92 3390
92 468
92 6423
92 4591
92 2824
92 1092
92 3394
92 187
92 3046
92 5110
92 2718
92 7980
92 4041
92 2568
92 1057
92 7982
92 5189
92 4020
92 5496
92 6021
92 1438
92 1803
92 7369
93 3600
93 3775
93 5730
93 7243
93 7614
93 7464
93 8049
93 1546
93 7056
93 4614
93 6460
93 320
93 71
93 3035
93 3038
93 5226
93 2290
93 3868
93 3919
93 6650
93 7247
93 7429
93 2600
93 3227
94 1700
94 7316
94 7330
94 6749
94 7922
94 6318
94 2934
94 4783
94 7882
94 3443
94 4889
94 3109
94 7343
94 2678
94 8090
94 2069
94 4392
94 7854
94 950
94 914
94 7966
94 3104
94 4161
94 6311
95 3591
95 7620
95 7911
95 5122
95 1526
95 874
95 2471
95 1460
95 968
95 5610
95 1154
95 2037
95 4775
95 2522
95 4877
95 7831
95 4540
95 4208
95 5227
95 2077
95 7011
95 6969
95 1708
95 4282
96 5764
96 1420
96 7106
96 3095
96 7558
96 7623
96 5767
96 53
96 6902
96 6322
96 5878
96 5055
96 7487
96 1525
96 4091
96 4351
96 7208
96 1376
96 4045
96 7029
96 5300
96 6382
96 4484
96 3745
97 2709
97 6305
97 3670
97 5508
97 7481
97 7522
97 6693
97 2916
97 6349
97 3673
97 5060
97 2837
97 2691
97 2868
97 3083
97 549
97 6326
97 7767
97 3271
97 5083
97 7090
97 6215
97 7575
97 2531
98 3617
98 2383
98 2952
98 7290
98 419
98 5418
98 510
98 5507
98 1406
98 222
98 6797
98 5708
98 6477
98 7252
98 3026
98 1865
98 7970
98 6125
98 5457
98 4254
98 436
98 4871
98 379
98 1610
99 4769
99 1885
99 2215
99 3195
99 6288
99 3706
99 676
99 5426
99 3181
99 3634
99 4401
99 7908
99 1013
99 5050
99 4260
99 4751
99 5781
99 6985
99 1888
99 3292
99 1659
99 4328
99 2730
99 5238
100 4295
100 3385
100 781
100 3906
100 2327
100 6886
100 3928
100 6647
100 2167
100 1776
100 5422
100 3561
100 2117
100 2176
100 4109
100 5512
100 1010
100 2002
100 6030
100 678
100 6978
100 5658
100 331
100 2922
101 7789
101 4544
101 5804
101 3571
101 7828
101 2056
101 6400
101 2036
101 4191
101 4429
101 4394
101 241
101 4853
101 4463
101 7042
101 2157
101 5297
101 3548
101 8092
101 3977
101 2161
101 4905
101 6708
101 3725
102 4843
102 6002
102 2140
102 3962
102 2721
102 7653
102 7992
102 3045
102 4633
102 1573
102 5009
102 3910
102 5551
102 3657
102 2819
102 1925
102 5937
102 800
102 3686
102 261
102 4788
102 3397
102 783
102 4686
103 7782
103 6500
103 2567
103 5288
103 7869
103 4742
103 1574
103 3349
103 7465
103 1100
103 2198
103 5637
103 7197
103 5873
103 2681
103 95
103 2761
103 5058
103 5956
103 7127
103 4707
103 35
103 511
103 5883
104 7723
104 6624
104 4938
104 488
104 6706
104 2551
104 7839
104 8075
104 5135
104 3562
104 4611
104 4696
104 1933
104 5423
104 4993
104 2172
104 6016
104 6593
104 2971
104 6302
104 6181
104 7673
104 101
104 4261
105 1629
105 73
105 6816
105 5511
105 1279
105 337
105 716
105 3798
105 5061
105 1687
105 2633
105 3671
105 7082
105 2965
105 4206
105 5186
105 230
105 6669
105 6227
105 72
105 5909
105 5918
105 3239
105 6813
106 1293
106 4676
106 4916
106 537
106 7515
106 4915
106 7098
106 7097
106 4235
106 219
106 7094
106 946
106 4795
106 5098
106 1645
106 1872
106 279
106 1981
106 5159
106 4316
106 2309
106 4837
106 2145
106 2347
107 7932
107 6648
107 5134
107 525
107 6889
107 3734
107 3743
107 1997
107 7155
107 1210
107 2723
107 7161
107 5107
107 6105
107 6787
107 6596
107 6427
107 944
107 7588
107 451
107 4094
107 4669
107 2497
107 457
108 3388
108 4033
108 1481
108 7223
108 2484
108 643
108 6418
108 3231
108 479
108 6962
108 2507
108 513
108 1926
108 2274
108 6760
108 7221
108 3107
108 2984
108 7393
108 4198
108 6628
108 5249
108 3377
108 1387
109 4803
109 3305
109 3642
109 3555
109 6928
109 2676
109 76
109 6419
109 402
109 196
109 5782
109 115
109 825
109 4910
109 5616
109 6130
109 2344
109 3145
109 7158
109 6736
109 3439
109 1950
109 7637
109 1447
110 1397
110 7157
110 694
110 1764
110 3311
110 809
110 1237
110 2052
110 5456
110 234
110 2523
110 3144
110 3222
110 7715
110 4924
110 3487
110 66
110 4396
110 5195
110 740
110 4828
110 4998
110 7812
110 1597
111 3150
111 5845
111 3191
111 8142
111 93
111 5184
111 1778
111 2703
111 2572
111 3583
111 7612
111 4520
111 335
111 6798
111 7836
111 415
111 1097
111 1886
111 6073
111 6390
111 6612
111 2590
111 3621
111 7459
112 344
112 4927
112 6282
112 2092
112 5752
112 1382
112 4277
112 1685
112 6745
112 6292
112 2829
112 5091
112 4698
112 7461
112 4082
112 3869
112 6462
112 1174
112 6463
112 1130
112 6132
112 1082
112 5731
112 1457
113 6498
113 6035
113 3724
113 5573
113 8078
113 328
113 841
113 4062
113 1896
113 7142
113 823
113 1757
113 2577
113 6056
113 5648
113 89
113 6444
113 5185
113 3427
113 2169
113 509
113 2111
113 5037
113 6824
114 4506
114 6892
114 522
114 4797
114 5064
114 8065
114 6163
114 5063
114 2580
114 4585
114 6759
114 7053
114 1295
114 440
114 5427
114 787
114 2118
114 5376
114 1854
114 2706
114 1723
114 702
114 4122
114 1899
115 4841
115 5362
115 5655
115 174
115 83
115 4121
115 5506
115 1477
115 1830
115 4234
115 1190
115 5932
115 963
115 948
115 4232
115 1561
115 7917
115 2720
115 5016
115 5662
115 7022
115 1919
115 2084
115 1913
116 7954
116 6381
116 6222
116 5979
116 352
116 5905
116 8112
116 720
116 7842
116 4067
116 5696
116 7040
116 5322
116 4418
116 426
116 3228
116 7326
116 3630
116 8053
116 3224
116 7445
116 2165
116 4984
116 4289
117 3142
117 4086
117 6681
117 7136
117 2029
117 7000
117 2495
117 1881
117 7061
117 4141
117 856
117 2156
117 5283
117 5882
117 5318
117 5589
117 2453
117 3966
117 4238
117 5572
117 1245
117 5800
117 5770
117 4304
118 497
118 8024
118 2035
118 999
118 6625
118 360
118 5805
118 8012
118 7984
118 6480
118 168
118 861
118 671
118 3496
118 169
118 3094
118 2289
118 5317
118 7926
118 5382
118 5663
118 2877
118 6436
118 6539
119 4748
119 2689
119 172
119 7949
119 5357
119 4730
119 5519
119 3970
119 7843
119 7756
119 2393
119 5154
119 295
119 22
119 3976
119 3154
119 3696
119 833
119 2403
119 6038
119 7729
119 1455
119 478
119 2178
120 806
120 6748
120 8058
120 1625
120 4323
120 1848
120 1144
120 7793
120 2398
120 452
120 1634
120 3490
120 1375
120 7265
120 3374
120 4023
120 1855
120 1600
120 1142
120 6641
120 4221
120 527
120 4187
120 1219
121 695
121 1173
121 4386
121 2287
121 6255
121 3308
121 6159
121 135
121 1901
121 3923
121 540
121 6336
121 6445
121 5531
121 7182
121 1868
121 67
121 2465
121 4573
121 2195
121 1265
121 3165
121 1453
121 5703
122 1697
122 2997
122 4666
122 1423
122 1134
122 5975
122 6241
122 3097
122 595
122 3460
122 6329
122 6483
122 3430
122 7861
122 1165
122 3954
122 4046
122 5
122 4021
122 1193
122 7314
122 4990
122 7070
122 4138
123 3797
123 2025
123 2617
123 7749
123 7270
123 1799
123 2792
123 59
123 3947
123 5204
123 4995
123 4799
123 5842
123 6622
123 1379
123 5756
123 4715
123 4368
123 5898
123 1833
123 616
123 2253
123 6117
123 3122
124 6600
124 2925
124 5105
124 3842
124 661
124 6719
124 6245
124 569
124 5241
124 6362
124 5380
124 3246
124 3318
124 6874
124 4480
124 2481
124 3363
124 7707
124 4183
124 6406
124 6938
124 2961
124 2270
124 3795
125 5928
125 940
125 7321
125 893
125 5863
125 4719
125 5338
125 6111
125 5862
125 3986
125 483
125 1331
125 1641
125 2429
125 4731
125 6805
125 1726
125 3894
125 3681
125 5894
125 6375
125 5934
125 2301
125 6397
126 1513
126 4976
126 1862
126 6265
126 3321
126 658
126 1941
126 2553
126 3331
126 1266
126 5371
126 7283
126 3201
126 6551
126 3728
126 4578
126 6606
126 5243
126 7071
126 3741
126 4470
126 6931
126 3835
126 5342
127 1636
127 7951
127 4168
127 4132
127 4716
127 6273
127 2907
127 7349
127 4076
127 3406
127 203
127 8119
127 6108
127 6218
127 982
127 6785
127 3782
127 4994
127 368
127 324
127 3500
127 3914
127 1421
127 5410
128 2665
128 5405
128 4959
128 2985
128 4763
128 7754
128 7694
128 6723
128 4111
128 6581
128 4399
128 7686
128 4604
128 8088
128 5827
128 2977
128 1024
128 503
128 6089
128 5852
128 4983
128 3099
128 4560
128 698
129 3882
129 734
129 5219
129 1630
129 6058
129 6209
129 3146
129 8083
129 4197
129 506
129 7722
129 562
129 6062
129 1747
129 3628
129 4130
129 4502
129 3051
129 2469
129 7006
129 1332
129 1884
129 4164
129 3979
130 7427
130 2135
130 628
130 4683
130 570
130 387
130 1741
130 3132
130 3666
130 1099
130 1527
130 789
130 394
130 7772
130 6475
130 5399
130 1694
130 4986
130 1647
130 5043
130 1386
130 5160
130 8002
130 7941
131 4894
131 7419
131 2277
131 8063
131 1877
131 6679
131 5351
131 7286
131 3291
131 6454
131 1736
131 4787
131 4273
131 5059
131 5505
131 233
131 6521
131 4412
131 4018
131 5987
131 1049
131 4256
131 2279
131 3141
132 6950
132 5247
132 6191
132 7014
132 2238
132 33
132 7433
132 7207
132 6921
132 5811
132 6193
132 894
132 7200
132 7188
132 1668
132 184
132 6486
132 3597
132 985
132 5136
132 3259
132 104
132 1367
132 6811
133 6142
133 6346
133 7987
133 7458
133 3
133 2127
133 4906
133 2352
133 3892
133 4876
133 259
133 3663
133 2559
133 1737
133 6668
133 2594
133 4814
133 6941
133 849
133 6367
133 25
133 2350
133 6137
133 6732
134 5548
134 7335
134 4131
134 4850
134 6240
134 6841
134 7214
134 2950
134 2413
134 4157
134 532
134 2887
134 12
134 7187
134 4030
134 4708
134 6114
134 132
134 1034
134 1956
134 6986
134 4507
134 5522
134 3709
135 128
135 6842
135 1399
135 1507
135 4632
135 5295
135 6817
135 2373
135 679
135 1914
135 1622
135 7914
135 5732
135 5954
135 4095
135 1569
135 1930
135 3085
135 6991
135 647
135 7180
135 3692
135 3568
135 228
136 3289
136 1006
136 2341
136 6101
136 3662
136 1290
136 3402
136 3839
136 6763
136 2122
136 6956
136 1893
136 4929
136 2227
136 1303
136 5025
136 246
136 3973
136 6744
136 7511
136 670
136 3025
136 684
136 4592
137 3701
137 5292
137 701
137 5635
137 5545
137 553
137 5199
137 910
137 2237
137 4681
137 581
137 6526
137 6321
137 6972
137 6424
137 1664
137 6561
137 91
137 5919
137 2836
137 1232
137 774
137 6927
137 156
138 6876
138 5797
138 2753
138 7032
138 6917
138 2664
138 533
138 7092
138 2355
138 4529
138 4473
138 3020
138 1821
138 1828
138 6506
138 2216
138 6772
138 6482
138 5092
138 6435
138 4009
138 8044
138 2468
138 2466
139 648
139 5614
139 7323
139 5826
139 2942
139 5018
139 7347
139 3541
139 4931
139 5754
139 5897
139 7485
139 6473
139 2729
139 686
139 1203
139 5726
139 1362
139 7329
139 1733
139 4490
139 4682
139 1849
139 3255
140 5509
140 4336
140 5675
140 1169
140 3746
140 7062
140 6698
140 6935
140 7690
140 3503
140 2004
140 3182
140 530
140 4016
140 1479
140 7545
140 4201
140 6388
140 6393
140 7015
140 7919
140 7741
140 2646
140 384
141 3125
141 6981
141 4556
141 7351
141 3787
141 6826
141 6568
141 1199
141 3955
141 179
141 7206
141 5192
141 5278
141 6954
141 5965
141 6680
141 6929
141 7381
141 2119
141 1220
141 4425
141 7308
141 651
141 5828
142 3586
142 3274
142 1444
142 6654
142 7945
142 1029
142 6411
142 190
142 4202
142 3925
142 4465
142 3730
142 304
142 7631
142 1262
142 7336
142 2319
142 7696
142 5724
142 1602
142 7794
142 1131
142 6399
142 2186
143 2496
143 6899
143 1300
143 2744
143 4216
143 6616
143 2906
143 1454
143 4925
143 4377
143 2700
143 1445
143 4750
143 6378
143 3804
143 6274
143 1743
143 6237
143 4900
143 6416
143 7113
143 554
143 3742
143 4432
144 4043
144 5296
144 5743
144 7226
144 6854
144 7872
144 2939
144 5775
144 7503
144 6620
144 6932
144 343
144 6100
144 5993
144 7710
144 6176
144 3579
144 4105
144 1304
144 5103
144 6310
144 8059
144 1172
144 7985
145 6907
145 4326
145 5097
145 2020
145 7718
145 4403
145 838
145 5188
145 6658
145 2093
145 5550
145 1591
145 2042
145 4219
145 1935
145 7390
145 3088
145 7293
145 6796
145 1562
145 5605
145 5735
145 2389
145 3527
146 4762
146 118
146 4133
146 3965
146 4921
146 2778
146 5849
146 4653
146 6678
146 5626
146 7616
146 4092
146 342
146 298
146 5636
146 3726
146 6330
146 2107
146 6731
146 6908
146 7037
146 6638
146 5285
146 8038
147 3196
147 3476
147 6821
147 2885
147 6076
147 3139
147 7640
147 6099
147 6434
147 915
147 2871
147 1768
147 6735
147 2063
147 1440
147 5216
147 3473
147 7810
147 3044
147 3115
147 2929
147 5454
147 3626
147 4671
148 3361
148 2513
148 3647
148 4192
148 6160
148 7628
148 5779
148 2218
148 2606
148 7222
148 3920
148 7217
148 711
148 3254
148 1426
148 6976
148 5109
148 4370
148 5153
148 6807
148 2150
148 1763
148 2160
148 154
149 2748
149 3949
149 2924
149 8011
149 7646
149 639
149 6525
149 5620
149 4158
149 607
149 7448
149 2306
149 8066
149 6509
149 4645
149 6651
149 4100
149 7530
149 7595
149 6303
149 3234
149 6925
149 6185
149 5293
150 2615
150 2470
150 2579
150 8105
150 2751
150 1195
150 4405
150 5301
150 7541
150 5596
150 7472
150 4738
150 5156
150 1585
150 1520
150 7977
150 2083
150 5674
150 7639
150 7361
150 7400
150 4982
150 7184
150 5972
151 6250
151 6412
151 1665
151 4516
151 5529
151 586
151 5640
151 3752
151 8021
151 1012
151 4626
151 1051
151 7825
151 4951
151 5286
151 7466
151 3121
151 3688
151 912
151 4764
151 6281
151 7198
151 3074
151 1631
152 3774
152 7202
152 5631
152 8120
152 3625
152 2474
152 4790
152 2116
152 7657
152 1584
152 2612
152 3491
152 4961
152 6640
152 248
152 755
152 1089
152 6317
152 7735
152 3982
152 3867
152 1994
152 2386
152 5263
153 5138
153 3092
153 4960
153 2512
153 3545
153 5660
153 3769
153 34
153 4319
153 2959
153 6170
153 7809
153 6369
153 6041
153 534
153 1796
153 8051
153 2424
153 7990
153 1242
153 1601
153 6894
153 4514
153 4414
154 1895
154 5916
154 7128
154 3302
154 5046
154 8068
154 6883
154 2541
154 3529
154 5276
154 5795
154 4107
154 178
154 7567
154 3380
154 1023
154 1243
154 3938
154 142
154 3208
154 5588
154 1739
154 4845
154 8108
155 303
155 4822
155 6919
155 1770
155 5755
155 6300
155 1416
155 7846
155 2190
155 4833
155 7566
155 5013
155 7514
155 664
155 5792
155 981
155 2312
155 277
155 1353
155 1727
155 6794
155 2209
155 7093
155 7626
156 5132
156 4934
156 4673
156 5651
156 3712
156 5504
156 2776
156 3042
156 3015
156 6197
156 1305
156 2798
156 4038
156 2901
156 7958
156 3368
156 4098
156 1186
156 1349
156 7364
156 4866
156 6045
156 5203
156 632
157 7134
157 7757
157 1504
157 7123
157 4129
157 6472
157 4032
157 5408
157 1270
157 6670
157 2500
157 2866
157 5315
157 4903
157 3261
157 1450
157 3048
157 7373
157 6765
157 1722
157 316
157 7943
157 2228
157 1972
158 4967
158 1373
158 4382
158 4968
158 4515
158 498
158 4693
158 3926
158 7902
158 1095
158 4167
158 7105
158 1230
158 842
158 1923
158 5078
158 7254
158 729
158 2420
158 2953
158 4253
158 7526
158 6275
158 1216
159 7334
159 4286
159 2072
159 7881
159 186
159 4989
159 604
159 4361
159 2320
159 389
159 4410
159 6008
159 6037
159 3257
159 3127
159 3451
159 808
159 7876
159 6006
159 3296
159 7140
159 7023
159 4402
159 2635
160 1368
160 4314
160 4434
160 989
160 4940
160 2356
160 5564
160 4375
160 1181
160 183
160 5617
160 4176
160 4867
160 2138
160 6363
160 5580
160 1217
160 8001
160 4417
160 6351
160 7913
160 133
160 7816
160 500
161 2251
161 4823
161 6896
161 7999
161 3106
161 1017
161 421
161 4794
161 6129
161 7892
161 2979
161 3534
161 2529
161 2913
161 8008
161 3445
161 6542
161 5961
161 6860
161 1725
161 1337
161 7824
161 558
161 3373
162 827
162 872
162 6293
162 5429
162 2188
162 801
162 7095
162 4674
162 4005
162 2838
162 8141
162 3972
162 4280
162 1949
162 6328
162 171
162 1550
162 2978
162 1595
162 5480
162 7693
162 1403
162 7358
162 5468
163 2652
163 6095
163 7605
163 657
163 2634
163 7674
163 6837
163 5100
163 8082
163 3971
163 4195
163 7687
163 7850
163 4659
163 6660
163 4920
163 8101
163 4171
163 6836
163 3819
163 3393
163 3091
163 3391
163 7216
164 6450
164 725
164 4528
164 1995
164 2506
164 3066
164 1148
164 6697
164 3632
164 1640
164 7506
164 8040
164 2630
164 6046
164 2288
164 3324
164 2851
164 2693
164 1176
164 7313
164 763
164 5451
164 1328
164 7700
165 7856
165 7721
165 8113
165 7124
165 4872
165 803
165 3608
165 3937
165 6716
165 2752
165 5398
165 7740
165 8060
165 6830
165 1441
165 3520
165 7883
165 5676
165 4218
165 390
165 3285
165 3573
165 6667
165 4602
166 1108
166 4454
166 5581
166 7012
166 5835
166 250
166 3930
166 1077
166 6979
166 507
166 1719
166 2825
166 6949
166 4765
166 7179
166 2404
166 7250
166 245
166 5282
166 3041
166 3229
166 1874
166 4134
166 3337
167 1779
167 5503
167 371
167 4381
167 751
167 3199
167 1355
167 2068
167 7420
167 2179
167 5413
167 1018
167 4644
167 770
167 7976
167 5466
167 3581
167 7112
167 7288
167 3111
167 6258
167 7224
167 6721
167 2813
168 3136
168 710
168 2242
168 1746
168 4658
168 7245
168 2357
168 4298
168 6516
168 6149
168 7233
168 4729
168 2982
168 341
168 4933
168 4733
168 2755
168 2149
168 1959
168 2733
168 5330
168 5784
168 5816
168 5702
169 6630
169 5848
169 1560
169 5997
169 6392
169 4852
169 181
169 759
169 5962
169 3641
169 2815
169 1586
169 1015
169 6988
169 240
169 5630
169 5387
169 1005
169 7670
169 3422
169 8110
169 2840
169 2375
169 3124
170 3078
170 5733
170 4283
170 3858
170 4252
170 7844
170 7790
170 4970
170 3948
170 5634
170 5388
170 3300
170 843
170 3295
170 1797
170 5557
170 4703
170 7995
170 6134
170 3811
170 6092
170 7543
170 4142
170 5299
171 3985
171 2659
171 4027
171 6044
171 4303
171 3333
171 5521
171 7600
171 6364
171 2698
171 4205
171 4285
171 15
171 3710
171 372
171 2189
171 536
171 798
171 5353
171 7820
171 5164
171 2314
171 1309
171 2526
172 4489
172 2972
172 5672
172 493
172 3718
172 7017
172 6982
172 7615
172 209
172 2561
172 1568
172 276
172 3470
172 4627
172 5906
172 48
172 2923
172 7813
172 2581
172 1553
172 7776
172 5760
172 4281
172 4774
173 3610
173 2446
173 7355
173 2710
173 6337
173 1208
173 2915
173 5166
173 7838
173 3852
173 2814
173 5349
173 2684
173 7606
173 1161
173 926
173 3531
173 477
173 6696
173 5417
173 2192
173 155
173 7607
173 270
174 92
174 4383
174 654
174 6621
174 5788
174 2603
174 4786
174 4487
174 5440
174 2027
174 2321
174 6579
174 7826
174 3719
174 5493
174 6522
174 7974
174 1762
174 6206
174 5612
174 2434
174 7041
174 1775
174 899
175 5536
175 1500
175 4664
175 7460
175 2586
175 7271
175 5335
175 1583
175 3049
175 193
175 7635
175 4458
175 3913
175 1566
175 3249
175 2405
175 3415
175 5287
175 3079
175 7981
175 2707
175 4397
175 7833
175 161
176 5913
176 6910
176 4697
176 247
176 4464
176 3367
176 1475
176 7806
176 1320
176 1871
176 297
176 6840
176 2571
176 5201
176 5171
176 4957
176 366
176 3899
176 4567
176 7651
176 2262
176 3332
176 2811
176 7622
177 3492
177 6478
177 2292
177 4159
177 447
177 6871
177 4184
177 2936
177 7305
177 4497
177 2930
177 6843
177 2146
177 6212
177 3475
177 1497
177 2821
177 7148
177 8122
177 5038
177 4851
177 3160
177 3003
177 2185
178 5179
178 7983
178 6396
178 7934
178 4962
178 3075
178 5628
178 3152
178 3309
178 3001
178 1333
178 1606
178 3526
178 2921
178 5439
178 460
178 5246
178 4230
178 7649
178 7742
178 3256
178 2207
178 6957
178 1346
179 4332
179 1235
179 7697
179 5953
179 6784
179 5501
179 7641
179 5484
179 2914
179 4097
179 28
179 1027
179 326
179 1628
179 777
179 403
179 444
179 2476
179 4561
179 4387
179 2104
179 3258
179 2903
179 2183
180 2254
180 3211
180 1318
180 4631
180 8137
180 6671
180 3169
180 7956
180 6112
180 3674
180 5749
180 7413
180 8097
180 330
180 1758
180 3357
180 2986
180 4932
180 6078
180 6174
180 5017
180 3990
180 2197
180 4150
181 7714
181 4287
181 2480
181 4145
181 4118
181 4761
181 6426
181 2994
181 1487
181 459
181 6888
181 5855
181 7399
181 6488
181 4331
181 7491
181 2381
181 650
181 6234
181 3469
181 4435
181 5619
181 881
181 4177
182 3043
182 3883
182 7933
182 5233
182 3489
182 4056
182 3517
182 6271
182 1760
182 6246
182 5582
182 474
182 4581
182 3946
182 3486
182 4363
182 4808
182 5214
182 571
182 5108
182 6637
182 229
182 2060
182 5853
183 7636
183 2528
183 1354
183 795
183 556
183 5871
183 6113
183 2948
183 2378
183 1506
183 2740
183 5319
183 3856
183 2806
183 26
183 665
183 7706
183 7135
183 4654
183 2601
183 138
183 7818
183 5421
183 4896
184 5981
184 2260
184 890
184 3872
184 4334
184 5458
184 6167
184 2641
184 429
184 920
184 1103
184 5419
184 7727
184 6408
184 1489
184 4582
184 5665
184 6688
184 2582
184 1264
184 6057
184 2348
184 7101
184 6866
185 4640
185 4276
185 7002
185 3270
185 7287
185 4093
185 1298
185 4313
185 1842
185 7791
185 3384
185 1823
185 3108
185 3915
185 8109
185 4324
185 2392
185 323
185 542
185 5526
185 11
185 3365
185 3465
185 3336
186 5116
186 258
186 7357
186 8135
186 4879
186 6729
186 5284
186 552
186 8103
186 868
186 6495
186 1138
186 1549
186 2422
186 147
186 3622
186 2620
186 6015
186 4911
186 8035
186 1565
186 3822
186 5269
186 7392
187 1389
187 5126
187 2686
187 2956
187 2649
187 5776
187 3112
187 2846
187 74
187 5360
187 844
187 5642
187 7916
187 1617
187 1530
187 7374
187 3584
187 2283
187 4343
187 4011
187 3509
187 4415
187 905
187 5321
188 1434
188 1110
188 3988
188 2931
188 5748
188 408
188 8102
188 961
188 2130
188 7183
188 7476
188 901
188 4478
188 3691
188 191
188 1225
188 7938
188 891
188 5707
188 1448
188 4271
188 450
188 6572
188 1335
189 1407
189 5518
189 249
189 6284
189 1973
189 6560
189 7988
189 2704
189 4599
189 804
189 5902
189 4958
189 5042
189 5026
189 5940
189 5765
189 7344
189 1143
189 61
189 6103
189 5930
189 4003
189 441
189 5847
190 7048
190 3981
190 2010
190 1120
190 7274
190 1302
190 4513
190 4004
190 526
190 7456
190 139
190 198
190 4660
190 5527
190 949
190 1864
190 1067
190 3299
190 1139
190 7539
190 7778
190 7948
190 7091
190 3635
191 2754
191 2628
191 6461
191 1996
191 5976
191 2085
191 4262
191 2859
191 3381
191 7146
191 7957
191 5044
191 7550
191 957
191 3747
191 5231
191 7633
191 1378
191 7787
191 3592
191 81
191 5384
191 4545
191 3355
192 7807
192 2261
192 4354
192 2400
192 7176
192 5889
192 4981
192 100
192 325
192 7372
192 3076
192 3113
192 3187
192 7440
192 884
192 1111
192 2423
192 1463
192 4069
192 8070
192 5366
192 6934
192 6110
192 837
193 3344
193 1991
193 2050
193 7066
193 1014
193 1813
193 6126
193 2066
193 6559
193 5119
193 1430
193 2343
193 7899
193 454
193 5168
193 5291
193 7701
193 232
193 7065
193 3612
193 3423
193 642
193 6259
193 2869
194 3306
194 392
194 5170
194 6470
194 5255
194 1594
194 1158
194 2182
194 285
194 1773
194 6067
194 5840
194 5011
194 2564
194 4444
194 951
194 2779
194 3994
194 2330
194 4006
194 5236
194 953
194 7682
194 850
195 3727
195 6758
195 2053
195 2391
195 7894
195 2865
195 2736
195 4360
195 3275
195 2406
195 2102
195 5118
195 4875
195 6372
195 6003
195 7536
195 7451
195 7593
195 221
195 3340
195 1080
195 3877
195 7499
195 6869
