0 383
0 2682
0 6923
0 1523
0 2430
0 4551
0 709
0 3377
0 6460
0 11
0 4222
0 1467
0 7388
0 7268
0 707
0 5526
0 2573
0 6955
0 1162
0 710
0 3424
0 4233
0 1766
0 16
0 6036
0 5527
0 2079
0 7315
0 507
0 946
0 3705
0 4092
1 3551
1 1179
1 7062
1 5486
1 2720
1 6151
1 2819
1 3848
1 4921
1 2952
1 7526
1 4085
1 3847
1 67
1 7613
1 1067
1 3922
1 5482
1 7612
1 7063
1 3850
1 5120
1 3051
1 6149
1 3671
1 2719
1 631
1 1231
1 1699
1 4119
1 359
1 6150
2 4630
2 1271
2 1207
2 5049
2 6898
2 6839
2 2338
2 5561
2 2483
2 5328
2 2337
2 4118
2 1387
2 1537
2 7529
2 3798
2 7120
2 4493
2 5270
2 1000
2 3251
2 4089
2 5562
2 4683
2 2621
2 3679
2 5046
2 1423
2 2179
2 2172
2 1443
2 192
3 6868
3 783
3 4166
3 1309
3 1840
3 5675
3 7042
3 4009
3 7045
3 3895
3 7041
3 2942
3 7632
3 4116
3 3382
3 6942
3 5810
3 2618
3 303
3 5674
3 6020
3 1792
3 5613
3 2057
3 3371
3 3384
3 6178
3 2056
3 5050
3 5148
3 5955
3 4069
4 7594
4 5854
4 7263
4 5982
4 3619
4 703
4 7251
4 3214
4 2061
4 5424
4 6239
4 3216
4 6236
4 237
4 4356
4 5837
4 4355
4 5976
4 2500
4 4065
4 775
4 3367
4 4209
4 5981
4 2981
4 6611
4 7125
4 5183
4 1418
4 5007
4 7541
4 6243
5 7746
5 4620
5 4373
5 7094
5 1861
5 309
5 7666
5 870
5 5967
5 2971
5 7736
5 2788
5 2789
5 2129
5 1557
5 6789
5 1073
5 2654
5 6495
5 5079
5 5616
5 5017
5 341
5 7319
5 6545
5 7233
5 2163
5 1894
5 626
5 3841
5 4150
5 3759
6 1488
6 3257
6 5568
6 7445
6 5793
6 847
6 3883
6 6650
6 4844
6 345
6 6985
6 7278
6 6005
6 5291
6 133
6 5039
6 997
6 3090
6 4529
6 1897
6 3978
6 6373
6 4645
6 957
6 1221
6 5570
6 5312
6 5133
6 7137
6 5408
6 260
6 6686
7 6171
7 5587
7 4619
7 1499
7 5840
7 4673
7 3700
7 7468
7 2894
7 7298
7 1032
7 7167
7 874
7 5760
7 3035
7 2431
7 4305
7 1260
7 1159
7 4262
7 6558
7 2432
7 5398
7 7340
7 2698
7 3898
7 1609
7 5545
7 1416
7 3027
7 373
7 5229
8 6755
8 7294
8 5663
8 3462
8 4972
8 3559
8 6276
8 4946
8 5479
8 7289
8 652
8 7464
8 4125
8 5653
8 6615
8 5412
8 6614
8 6973
8 235
8 7580
8 5829
8 5702
8 7535
8 6978
8 7455
8 5694
8 1656
8 5469
8 5155
8 1379
8 3177
8 3546
9 5466
9 5448
9 4257
9 3595
9 890
9 442
9 1605
9 6635
9 6128
9 3114
9 6801
9 5450
9 7217
9 4869
9 3017
9 4703
9 1395
9 4159
9 4288
9 3940
9 3594
9 862
9 618
9 959
9 4256
9 7404
9 4760
9 6796
9 3587
9 1604
9 6794
9 3930
10 5134
10 161
10 2811
10 1269
10 4975
10 2777
10 771
10 3544
10 2314
10 3724
10 5997
10 5337
10 6056
10 1167
10 7462
10 6267
10 6414
10 1783
10 1198
10 1378
10 5849
10 5189
10 727
10 1496
10 375
10 5116
10 2112
10 7140
10 135
10 701
10 4658
10 6618
11 2680
11 2024
11 4178
11 4907
11 6443
11 3637
11 5474
11 1597
11 679
11 2019
11 864
11 2927
11 1769
11 2558
11 1590
11 3336
11 3199
11 2366
11 80
11 677
11 5732
11 3245
11 7046
11 7176
11 3933
11 1841
11 2842
11 7705
11 4395
11 4810
11 1133
11 3514
12 3574
12 4411
12 7343
12 4613
12 7068
12 6722
12 5814
12 4204
12 3019
12 522
12 1275
12 3553
12 1054
12 817
12 2125
12 5891
12 5941
12 2153
12 5266
12 6351
12 5848
12 7219
12 1698
12 5636
12 2814
12 4203
12 1907
12 1279
12 5898
12 7719
12 7187
12 5030
13 3361
13 4664
13 5608
13 3286
13 7600
13 3155
13 3291
13 5619
13 7511
13 3987
13 6772
13 2551
13 349
13 3702
13 6773
13 587
13 5463
13 4191
13 3307
13 1151
13 2947
13 348
13 1967
13 3121
13 3288
13 4194
13 7089
13 6201
13 1382
13 2192
13 6713
13 4475
14 2972
14 1965
14 6349
14 829
14 3632
14 5501
14 7519
14 6499
14 4375
14 6181
14 1046
14 5397
14 7734
14 3219
14 5391
14 3023
14 6652
14 3363
14 3907
14 5178
14 183
14 1918
14 116
14 2184
14 3861
14 2722
14 571
14 7238
14 6991
14 4481
14 5268
14 1410
15 2965
15 2510
15 2581
15 2799
15 3943
15 4499
15 6016
15 4709
15 2731
15 1535
15 1083
15 7780
15 4498
15 6388
15 4341
15 5241
15 3562
15 4346
15 252
15 1945
15 1775
15 7570
15 4976
15 6406
15 1714
15 1534
15 6601
15 1633
15 5719
15 1764
15 1199
15 6407
16 2200
16 3828
16 6504
16 1344
16 7820
16 3824
16 1343
16 2596
16 891
16 4835
16 1318
16 1317
16 3008
16 4140
16 6356
16 3822
16 151
16 4732
16 1995
16 1330
16 1322
16 1203
16 6053
16 3708
16 4839
16 7230
16 6357
16 7741
16 2838
16 1996
16 5320
16 2147
17 5461
17 2270
17 6765
17 941
17 738
17 6933
17 6397
17 3712
17 1591
17 418
17 4697
17 1780
17 6578
17 4459
17 5822
17 338
17 5819
17 2287
17 2848
17 7026
17 3059
17 2236
17 2505
17 2612
17 1854
17 417
17 2889
17 1185
17 4114
17 3225
17 773
17 5276
18 18
18 761
18 4062
18 7641
18 5804
18 121
18 486
18 3418
18 4556
18 7559
18 4138
18 5586
18 2899
18 6807
18 3512
18 2326
18 6433
18 6034
18 5117
18 5016
18 1390
18 7325
18 2070
18 6874
18 2215
18 2143
18 2780
18 2627
18 2101
18 7758
18 588
18 1389
19 6526
19 3460
19 3975
19 7175
19 483
19 7256
19 6525
19 2244
19 6561
19 6592
19 919
19 1095
19 2254
19 7180
19 100
19 2847
19 2568
19 3224
19 1444
19 7014
19 432
19 2606
19 6752
19 420
19 894
19 2907
19 3973
19 5582
19 2098
19 6250
19 4500
19 6600
